9.0 0.0078
10.2 0.0147
11.4 0.0584
12.6 0.0849
14.0 0.0929
15.2 0.1056
16.4 0.1131
17.6 0.1208
18.8 0.1317
20.0 0.1339
21.2 0.1387
22.4 0.1499
23.6 0.1521
24.8 0.1537
26.0 0.1581
27.2 0.1605
28.4 0.1640
29.6 0.1677
30.8 0.1716
32.0 0.1758
33.2 0.1827
34.4 0.1857
35.6 0.1996
36.8 0.2071
38.0 0.2117
39.2 0.2144
40.4 0.2177
41.6 0.2204
42.8 0.2234
44.0 0.2265
45.2 0.2290
46.4 0.2307
47.6 0.2335
48.8 0.2374
50.0 0.2399
51.2 0.2427
52.4 0.2448
53.6 0.2472
54.8 0.2499
56.0 0.2526
57.2 0.2539
58.4 0.2551
59.6 0.2567
60.8 0.2610
62.0 0.2632
63.2 0.2646
64.4 0.2666
65.6 0.2683
66.8 0.2718
68.0 0.2731
69.2 0.2748
70.4 0.2765
71.6 0.2786
72.8 0.2803
74.0 0.2816
75.2 0.2834
76.4 0.2854
77.6 0.2877
78.8 0.2887
80.0 0.2905
81.2 0.2917
82.4 0.2931
83.6 0.2944
84.8 0.2957
86.0 0.2971
87.2 0.3009
88.4 0.3025
89.6 0.3035
90.8 0.3049
92.0 0.3063
93.2 0.3075
94.4 0.3092
95.6 0.3109
96.8 0.3124
98.0 0.3138
99.2 0.3157
100.4 0.3170
101.6 0.3185
102.8 0.3194
104.0 0.3205
105.2 0.3215
106.4 0.3223
107.6 0.3233
108.8 0.3240
110.0 0.3251
111.2 0.3289
112.4 0.3303
113.6 0.3318
114.8 0.3338
116.0 0.3355
117.2 0.3373
118.4 0.3384
119.6 0.3398
120.8 0.3408
122.0 0.3417
123.2 0.3425
124.4 0.3437
125.6 0.3444
126.8 0.3452
128.0 0.3464
129.2 0.3478
130.4 0.3493
131.6 0.3519
132.8 0.3543
134.0 0.3557
135.2 0.3566
136.4 0.3573
137.6 0.3584
138.8 0.3589
140.0 0.3595
141.2 0.3601
142.4 0.3608
143.6 0.3614
144.8 0.3620
146.0 0.3628
147.2 0.3638
148.4 0.3647
149.6 0.3657
150.8 0.3664
152.0 0.3677
153.2 0.3681
154.4 0.3691
155.6 0.3696
156.8 0.3700
158.0 0.3705
159.2 0.3711
160.4 0.3718
161.6 0.3724
162.8 0.3733
164.0 0.3737
165.2 0.3742
166.4 0.3746
167.6 0.3752
168.8 0.3756
170.0 0.3763
171.2 0.3770
172.4 0.3773
173.6 0.3779
174.8 0.3785
176.0 0.3791
177.2 0.3795
178.4 0.3799
179.6 0.3803
180.8 0.3807
182.0 0.3812
183.2 0.3816
184.4 0.3824
185.6 0.3836
186.8 0.3848
188.0 0.3856
189.2 0.3858
190.4 0.3863
191.6 0.3866
192.8 0.3870
194.0 0.3874
195.2 0.3877
196.4 0.3884
197.6 0.3892
198.8 0.3896
200.0 0.3899
201.2 0.3905
202.4 0.3908
203.6 0.3911
205.0 0.3915
206.2 0.3920
207.4 0.3923
208.6 0.3927
209.8 0.3931
211.0 0.3937
212.2 0.3940
213.4 0.3956
214.6 0.3958
215.8 0.3961
217.0 0.3963
218.4 0.3970
219.6 0.3973
220.8 0.3976
222.4 0.3980
224.0 0.3983
225.2 0.3985
226.4 0.3990
227.6 0.3992
228.8 0.3994
230.0 0.4000
231.2 0.4003
232.4 0.4008
233.6 0.4014
234.8 0.4018
236.2 0.4022
237.6 0.4025
238.8 0.4027
240.0 0.4031
241.2 0.4033
242.4 0.4035
243.6 0.4037
244.8 0.4040
246.0 0.4042
247.2 0.4044
248.4 0.4048
249.6 0.4049
251.0 0.4052
252.2 0.4055
253.4 0.4057
254.6 0.4060
255.8 0.4062
257.2 0.4068
258.6 0.4071
260.0 0.4073
261.2 0.4076
262.6 0.4078
263.8 0.4080
265.0 0.4084
266.2 0.4086
267.4 0.4089
268.6 0.4091
270.0 0.4093
271.6 0.4095
272.8 0.4200
274.0 0.4205
275.2 0.4206
276.4 0.4209
277.6 0.4212
278.8 0.4216
280.2 0.4218
281.4 0.4302
282.6 0.4317
283.8 0.4323
285.4 0.4325
286.8 0.4327
288.2 0.4330
289.4 0.4376
290.8 0.4380
292.2 0.4382
293.4 0.4384
294.6 0.4387
296.0 0.4389
297.6 0.4392
298.8 0.4394
300.2 0.4397
301.4 0.4399
302.8 0.4401
304.0 0.4402
305.2 0.4404
306.6 0.4407
307.8 0.4408
309.0 0.4410
310.2 0.4411
311.4 0.4412
312.6 0.4414
314.0 0.4416
315.8 0.4418
317.0 0.4420
318.2 0.4423
319.6 0.4424
321.2 0.4426
322.6 0.4429
324.4 0.4431
325.6 0.4432
326.8 0.4434
328.0 0.4435
330.0 0.4436
331.4 0.4437
333.4 0.4439
334.6 0.4441
335.8 0.4442
337.2 0.4443
338.6 0.4444
340.2 0.4445
341.8 0.4466
343.0 0.4468
344.4 0.4469
346.0 0.4471
347.2 0.4472
348.6 0.4473
350.6 0.4475
353.2 0.4477
354.8 0.4478
356.4 0.4480
358.4 0.4482
359.6 0.4484
361.2 0.4486
362.8 0.4487
364.6 0.4488
366.2 0.4490
367.4 0.4491
369.4 0.4493
370.8 0.4494
372.6 0.4496
374.2 0.4498
376.4 0.4499
378.8 0.4500
380.6 0.4501
382.0 0.4503
383.4 0.4504
385.2 0.4506
387.0 0.4507
388.4 0.4508
389.8 0.4509
391.6 0.4511
393.6 0.4512
395.0 0.4514
396.6 0.4515
398.4 0.4516
400.2 0.4517
402.0 0.4518
403.6 0.4519
405.4 0.4520
407.0 0.4521
408.4 0.4522
409.6 0.4524
411.0 0.4525
412.4 0.4530
414.4 0.4532
416.2 0.4534
418.2 0.4536
419.8 0.4537
422.2 0.4538
423.6 0.4539
425.8 0.4540
427.0 0.4541
428.6 0.4542
430.2 0.4543
431.8 0.4545
433.6 0.4548
435.8 0.4549
437.4 0.4550
439.6 0.4551
441.6 0.4552
443.2 0.4554
445.4 0.4555
446.8 0.4556
449.8 0.4558
451.4 0.4559
452.8 0.4560
454.4 0.4561
456.0 0.4562
457.8 0.4563
460.0 0.4565
461.4 0.4566
464.0 0.4567
465.6 0.4568
467.0 0.4572
468.4 0.4573
469.8 0.4574
472.0 0.4575
474.6 0.4576
476.6 0.4577
478.4 0.4578
480.2 0.4579
482.6 0.4580
484.2 0.4581
486.6 0.4582
489.0 0.4584
490.8 0.4585
493.0 0.4586
495.0 0.4587
497.2 0.4588
499.8 0.4589
501.2 0.4590
503.4 0.4591
505.0 0.4592
506.8 0.4593
509.8 0.4594
511.4 0.4595
512.8 0.4595
516.4 0.4610
519.2 0.4611
521.4 0.4612
523.2 0.4613
524.6 0.4614
526.6 0.4615
529.2 0.4616
530.6 0.4617
532.6 0.4618
535.0 0.4619
536.6 0.4620
540.0 0.4622
541.6 0.4623
544.4 0.4624
546.0 0.4646
547.6 0.4647
549.0 0.4648
551.0 0.4649
553.2 0.4651
555.0 0.4652
557.2 0.4657
558.6 0.4658
560.2 0.4660
562.2 0.4711
564.2 0.4724
565.6 0.4750
567.6 0.4751
570.0 0.4777
571.6 0.4779
573.0 0.4781
574.6 0.4783
576.2 0.4784
577.8 0.4819
580.0 0.4820
581.2 0.4823
582.4 0.4824
584.0 0.4825
585.4 0.4826
586.8 0.4829
588.2 0.4830
590.2 0.4831
592.2 0.4833
593.4 0.4834
595.2 0.4837
596.4 0.4839
598.0 0.4842
599.4 0.4844
601.0 0.4845
603.0 0.4846
605.4 0.4846
606.8 0.4848
608.6 0.4849
610.2 0.4850
611.6 0.4851
613.6 0.4853
615.4 0.4854
617.0 0.4855
618.6 0.4856
620.8 0.4857
623.2 0.4859
624.6 0.4861
626.6 0.4862
628.8 0.4862
631.4 0.4863
632.6 0.4865
634.2 0.4866
635.6 0.4871
638.0 0.4871
639.2 0.4872
641.2 0.4873
643.0 0.4874
644.8 0.4876
646.0 0.4877
647.6 0.4878
649.0 0.4879
651.2 0.4880
652.4 0.4882
654.4 0.4883
656.2 0.4885
657.8 0.4887
659.4 0.4888
661.0 0.4890
662.2 0.4893
663.6 0.4894
665.0 0.4895
666.4 0.4898
668.4 0.4899
669.6 0.4900
671.2 0.4901
673.4 0.4903
675.2 0.4904
676.8 0.4905
678.0 0.4907
679.6 0.4908
681.0 0.4912
682.6 0.4914
684.6 0.4915
686.0 0.4917
687.8 0.4917
689.8 0.4919
691.8 0.4922
693.2 0.4925
694.8 0.4927
696.6 0.4928
698.4 0.4929
701.0 0.4931
702.8 0.4933
704.6 0.4934
705.8 0.4935
707.4 0.4936
708.8 0.4937
710.2 0.4938
712.0 0.4939
713.6 0.4940
715.4 0.4941
717.0 0.4943
718.6 0.4944
719.8 0.4945
721.2 0.4946
722.6 0.4947
724.4 0.4949
726.4 0.4951
728.2 0.4952
730.2 0.4953
731.6 0.4954
732.8 0.4955
734.8 0.4956
736.0 0.4957
737.4 0.4960
739.6 0.4961
741.8 0.4962
743.0 0.4963
745.0 0.4965
747.2 0.4966
749.0 0.4968
750.4 0.4969
752.0 0.4970
753.2 0.4972
754.8 0.4973
756.6 0.4974
758.4 0.4975
760.4 0.4976
761.8 0.4978
763.6 0.4979
765.8 0.4980
767.2 0.4982
768.4 0.4983
771.2 0.4984
772.6 0.4986
774.6 0.4987
777.0 0.4987
778.6 0.4988
780.4 0.4990
782.2 0.4990
784.2 0.4991
786.0 0.4993
788.4 0.4993
790.4 0.4995
792.6 0.4996
794.2 0.4997
796.0 0.4999
797.4 0.5000
799.6 0.5001
801.4 0.5002
803.4 0.5003
805.8 0.5004
808.2 0.5005
810.4 0.5006
811.8 0.5007
813.8 0.5007
817.2 0.5009
818.4 0.5013
820.0 0.5015
821.4 0.5016
823.0 0.5018
825.0 0.5019
827.6 0.5021
829.6 0.5022
831.8 0.5023
833.6 0.5025
836.6 0.5026
840.2 0.5027
842.8 0.5056
844.0 0.5057
845.4 0.5069
849.0 0.5073
850.6 0.5075
852.8 0.5077
855.8 0.5082
857.4 0.5083
858.6 0.5085
860.0 0.5085
861.6 0.5086
863.6 0.5087
865.2 0.5089
866.8 0.5096
868.2 0.5097
870.8 0.5099
872.2 0.5100
874.2 0.5102
876.2 0.5104
877.6 0.5105
880.0 0.5106
882.2 0.5109
884.0 0.5110
885.6 0.5111
886.8 0.5112
888.2 0.5113
890.2 0.5114
892.0 0.5115
893.8 0.5117
895.6 0.5118
897.2 0.5120
899.0 0.5122
901.0 0.5123
903.0 0.5125
904.4 0.5126
906.6 0.5127
908.4 0.5128
910.6 0.5129
912.0 0.5131
913.6 0.5132
914.8 0.5133
916.4 0.5134
917.8 0.5135
921.2 0.5136
923.0 0.5138
924.6 0.5139
926.2 0.5140
928.0 0.5141
929.8 0.5142
931.6 0.5143
933.6 0.5144
936.0 0.5145
937.2 0.5146
939.0 0.5147
940.4 0.5148
942.2 0.5149
943.6 0.5151
945.8 0.5152
947.6 0.5153
949.4 0.5154
951.6 0.5155
953.0 0.5156
954.8 0.5157
956.0 0.5158
957.2 0.5160
958.8 0.5161
960.4 0.5162
962.6 0.5163
965.0 0.5165
966.8 0.5165
968.6 0.5168
971.2 0.5168
973.6 0.5170
975.0 0.5171
977.0 0.5171
978.6 0.5172
979.8 0.5174
981.2 0.5175
982.8 0.5176
985.2 0.5177
987.2 0.5178
988.8 0.5179
990.8 0.5180
992.8 0.5181
995.6 0.5182
998.0 0.5184
1000.8 0.5185
1003.0 0.5186
1005.0 0.5187
1006.4 0.5188
1008.8 0.5189
1011.0 0.5190
1013.0 0.5191
1015.6 0.5192
1018.8 0.5193
1021.0 0.5194
1024.2 0.5196
1027.6 0.5199
1030.8 0.5199
1033.8 0.5201
1036.8 0.5202
1038.2 0.5202
1040.8 0.5204
1042.2 0.5204
1044.2 0.5205
1047.2 0.5206
1049.4 0.5208
1051.8 0.5209
1053.8 0.5210
1058.4 0.5211
1062.0 0.5211
1064.8 0.5212
1067.6 0.5213
1071.0 0.5214
1073.0 0.5215
1075.8 0.5215
1078.0 0.5216
1080.4 0.5217
1082.6 0.5218
1085.2 0.5219
1088.8 0.5220
1090.8 0.5226
1092.8 0.5226
1095.8 0.5228
1097.6 0.5228
1099.8 0.5229
1102.0 0.5230
1103.8 0.5231
1106.2 0.5232
1107.8 0.5232
1110.6 0.5233
1112.8 0.5234
1115.4 0.5236
1117.4 0.5236
1120.0 0.5237
1122.2 0.5238
1124.0 0.5266
1128.0 0.5288
1130.8 0.5294
1133.0 0.5295
1135.0 0.5297
1137.4 0.5299
1139.2 0.5300
1141.2 0.5301
1143.8 0.5302
1145.2 0.5304
1148.0 0.5304
1149.4 0.5305
1151.8 0.5307
1153.2 0.5307
1155.6 0.5328
1157.0 0.5329
1160.2 0.5330
1162.0 0.5331
1165.4 0.5334
1168.4 0.5335
1170.8 0.5335
1172.8 0.5336
1175.0 0.5337
1178.4 0.5338
1181.6 0.5339
1184.6 0.5339
1187.0 0.5340
1188.8 0.5341
1191.4 0.5342
1194.0 0.5343
1196.0 0.5344
1199.0 0.5344
1201.4 0.5345
1203.6 0.5347
1208.8 0.5348
1212.0 0.5350
1214.8 0.5350
1218.2 0.5351
1223.2 0.5352
1226.0 0.5355
1227.4 0.5357
1230.2 0.5357
1232.6 0.5358
1236.0 0.5359
1240.2 0.5360
1242.8 0.5362
1245.8 0.5362
1249.4 0.5363
1251.6 0.5364
1253.6 0.5365
1256.0 0.5366
1257.8 0.5367
1259.8 0.5367
1263.2 0.5368
1266.0 0.5369
1268.2 0.5370
1271.2 0.5372
1273.4 0.5373
1275.8 0.5374
1279.8 0.5375
1283.0 0.5377
1285.4 0.5378
1287.6 0.5379
1290.0 0.5380
1293.8 0.5381
1296.6 0.5381
1299.4 0.5382
1302.2 0.5383
1305.2 0.5384
1307.6 0.5385
1310.6 0.5385
1312.6 0.5386
1315.4 0.5387
1318.2 0.5388
1323.0 0.5389
1325.4 0.5390
1329.6 0.5390
1333.2 0.5391
1337.6 0.5392
1341.8 0.5393
1345.8 0.5393
1349.6 0.5394
1351.8 0.5395
1355.2 0.5396
1358.2 0.5397
1362.4 0.5397
1365.8 0.5402
1369.4 0.5404
1371.8 0.5405
1375.2 0.5405
1380.4 0.5406
1382.8 0.5407
1384.6 0.5408
1389.0 0.5409
1391.6 0.5410
1395.6 0.5411
1397.2 0.5412
1401.6 0.5413
1404.8 0.5428
1408.4 0.5441
1410.6 0.5442
1413.6 0.5447
1416.2 0.5448
1418.0 0.5449
1420.4 0.5450
1423.4 0.5450
1425.8 0.5451
1430.2 0.5452
1434.6 0.5453
1437.4 0.5454
1440.2 0.5455
1443.4 0.5459
1445.2 0.5461
1447.8 0.5462
1450.4 0.5462
1452.4 0.5463
1456.4 0.5464
1461.4 0.5465
1464.2 0.5465
1466.6 0.5466
1468.8 0.5467
1472.4 0.5468
1476.4 0.5469
1478.4 0.5469
1481.4 0.5470
1485.4 0.5471
1488.8 0.5472
1492.6 0.5473
1497.0 0.5473
1500.6 0.5474
1504.2 0.5475
1505.6 0.5476
1507.2 0.5477
1510.8 0.5478
1512.8 0.5479
1516.0 0.5480
1518.6 0.5480
1523.0 0.5481
1528.8 0.5482
1532.4 0.5483
1534.6 0.5484
1539.6 0.5486
1543.8 0.5487
1546.0 0.5488
1550.6 0.5489
1553.2 0.5489
1555.8 0.5490
1561.6 0.5491
1563.6 0.5492
1566.4 0.5493
1571.6 0.5493
1574.4 0.5494
1578.4 0.5495
1582.2 0.5496
1589.0 0.5496
1593.8 0.5497
1596.2 0.5498
1599.4 0.5499
1602.4 0.5500
1607.2 0.5500
1611.4 0.5501
1616.4 0.5502
1618.2 0.5502
1621.8 0.5503
1627.4 0.5504
1632.6 0.5504
1637.2 0.5508
1639.8 0.5509
1644.2 0.5511
1647.2 0.5512
1649.8 0.5512
1654.0 0.5513
1656.8 0.5514
1659.4 0.5515
1663.4 0.5516
1666.8 0.5517
1670.8 0.5517
1680.2 0.5518
1682.0 0.5519
1687.8 0.5542
1690.0 0.5556
1694.6 0.5557
1699.0 0.5563
1701.8 0.5564
1705.0 0.5564
1708.2 0.5565
1713.0 0.5566
1716.0 0.5567
1721.4 0.5568
1727.6 0.5568
1730.4 0.5569
1734.6 0.5578
1742.8 0.5579
1744.6 0.5581
1748.0 0.5582
1753.2 0.5582
1755.4 0.5583
1760.4 0.5584
1765.0 0.5585
1770.2 0.5586
1772.2 0.5586
1775.2 0.5587
1777.8 0.5588
1784.2 0.5589
1788.8 0.5590
1792.8 0.5590
1796.2 0.5591
1798.0 0.5592
1802.4 0.5593
1806.2 0.5593
1809.4 0.5594
1811.6 0.5595
1815.0 0.5596
1817.6 0.5597
1820.0 0.5598
1822.8 0.5598
1828.2 0.5599
1832.6 0.5600
1836.2 0.5601
1839.6 0.5601
1844.2 0.5602
1847.6 0.5603
1852.4 0.5604
1855.4 0.5605
1856.8 0.5605
1859.8 0.5606
1863.6 0.5607
1868.8 0.5607
1872.0 0.5608
1874.6 0.5609
1877.8 0.5617
1881.0 0.5618
1884.2 0.5619
1890.2 0.5620
1893.4 0.5621
1897.0 0.5622
1899.8 0.5623
1902.0 0.5623
1905.6 0.5626
1908.4 0.5630
1913.0 0.5631
1916.2 0.5633
1920.8 0.5634
1926.8 0.5634
1931.6 0.5635
1937.6 0.5636
1943.4 0.5637
1947.4 0.5638
1949.0 0.5639
1952.8 0.5641
1956.2 0.5642
1959.4 0.5643
1961.0 0.5646
1964.2 0.5664
1970.4 0.5673
1973.6 0.5675
1976.2 0.5676
1979.6 0.5679
1981.6 0.5680
1984.8 0.5681
1990.2 0.5681
1991.8 0.5682
1995.0 0.5683
1998.2 0.5684
2000.6 0.5685
2003.0 0.5686
2006.4 0.5686
2010.2 0.5692
2014.6 0.5692
2019.2 0.5693
2022.4 0.5699
2025.8 0.5700
2029.2 0.5700
2031.8 0.5701
2034.2 0.5703
2037.4 0.5703
2040.4 0.5705
2045.0 0.5705
2048.2 0.5706
2050.6 0.5707
2053.8 0.5708
2056.4 0.5709
2062.6 0.5709
2067.0 0.5710
2069.0 0.5711
2072.8 0.5712
2075.6 0.5712
2077.2 0.5713
2079.6 0.5714
2083.6 0.5715
2085.6 0.5716
2089.2 0.5716
2092.8 0.5717
2095.0 0.5718
2097.6 0.5718
2103.6 0.5719
2107.0 0.5720
2111.8 0.5721
2116.4 0.5721
2119.8 0.5722
2123.0 0.5723
2125.4 0.5724
2129.6 0.5725
2132.6 0.5725
2137.0 0.5726
2141.0 0.5727
2148.8 0.5727
2154.4 0.5728
2157.8 0.5729
2163.8 0.5729
2170.2 0.5730
2173.6 0.5731
2178.0 0.5732
2181.2 0.5735
2185.2 0.5735
2190.6 0.5739
2195.0 0.5740
2197.4 0.5741
2203.0 0.5742
2208.2 0.5742
2211.0 0.5743
2214.4 0.5744
2219.0 0.5744
2226.0 0.5745
2231.6 0.5746
2235.0 0.5747
2243.0 0.5747
2245.6 0.5779
2253.0 0.5794
2257.0 0.5795
2260.8 0.5799
2263.0 0.5800
2266.6 0.5801
2268.4 0.5802
2272.6 0.5803
2278.0 0.5805
2280.0 0.5806
2281.6 0.5806
2286.0 0.5807
2290.2 0.5808
2295.6 0.5809
2298.0 0.5810
2302.8 0.5810
2306.4 0.5811
2309.6 0.5828
2317.0 0.5829
2322.0 0.5830
2326.0 0.5830
2332.4 0.5831
2336.4 0.5832
2341.2 0.5833
2344.2 0.5833
2349.0 0.5834
2351.2 0.5835
2353.8 0.5835
2355.8 0.5836
2359.0 0.5837
2362.2 0.5838
2367.2 0.5839
2371.4 0.5840
2375.2 0.5840
2379.4 0.5841
2381.4 0.5842
2385.0 0.5843
2388.0 0.5843
2393.0 0.5844
2396.2 0.5845
2400.2 0.5846
2403.6 0.5846
2408.2 0.5847
2411.4 0.5848
2417.0 0.5849
2421.0 0.5850
2427.4 0.5851
2429.8 0.5851
2434.8 0.5852
2439.8 0.5853
2443.2 0.5853
2448.8 0.5854
2453.6 0.5859
2460.4 0.5860
2462.0 0.5861
2464.4 0.5863
2468.4 0.5863
2475.0 0.5864
2478.6 0.5865
2483.6 0.5865
2490.2 0.5866
2496.4 0.5867
2505.8 0.5868
2512.6 0.5869
2514.6 0.5870
2520.2 0.5871
2522.2 0.5871
2526.2 0.5894
2533.8 0.5901
2539.0 0.5909
2541.2 0.5910
2544.0 0.5913
2548.6 0.5913
2551.8 0.5914
2555.0 0.5915
2557.8 0.5916
2560.4 0.5917
2565.6 0.5917
2567.8 0.5920
2574.2 0.5921
2577.8 0.5922
2580.0 0.5922
2585.8 0.5923
2588.4 0.5924
2593.8 0.5925
2597.4 0.5933
2604.8 0.5934
2608.4 0.5935
2611.2 0.5935
2614.2 0.5936
2616.4 0.5937
2621.0 0.5938
2623.4 0.5938
2627.6 0.5939
2633.2 0.5940
2635.2 0.5941
2639.0 0.5942
2642.4 0.5943
2646.6 0.5944
2652.8 0.5944
2660.4 0.5945
2665.6 0.5946
2670.4 0.5947
2677.2 0.5948
2682.8 0.5948
2686.0 0.5949
2689.6 0.5951
2696.0 0.5951
2701.2 0.5952
2703.8 0.5953
2708.6 0.5954
2711.6 0.5954
2719.2 0.5955
2725.6 0.5956
2729.4 0.5960
2735.4 0.5966
2741.0 0.5968
2743.6 0.5969
2748.6 0.5970
2752.2 0.5971
2753.6 0.5971
2757.8 0.5972
2763.4 0.5973
2770.0 0.5974
2775.4 0.5974
2781.0 0.5975
2786.6 0.5976
2794.0 0.5976
2800.8 0.5977
2806.6 0.6021
2814.6 0.6036
2818.6 0.6040
2822.6 0.6041
2827.8 0.6047
2829.6 0.6048
2834.4 0.6048
2838.4 0.6049
2840.8 0.6050
2846.4 0.6051
2850.8 0.6052
2856.0 0.6052
2858.8 0.6053
2860.8 0.6054
2864.8 0.6054
2868.6 0.6055
2873.8 0.6056
2878.2 0.6057
2881.4 0.6057
2886.0 0.6071
2892.0 0.6072
2898.0 0.6074
2903.6 0.6075
2909.2 0.6076
2918.2 0.6077
2927.0 0.6078
2929.6 0.6079
2934.8 0.6080
2939.8 0.6081
2942.4 0.6082
2948.6 0.6083
2955.0 0.6084
2958.6 0.6085
2963.6 0.6086
2969.2 0.6086
2972.4 0.6087
2975.6 0.6088
2980.6 0.6089
2984.6 0.6089
2991.4 0.6090
2998.6 0.6093
3003.8 0.6094
3009.6 0.6095
3016.4 0.6095
3028.0 0.6096
3037.0 0.6097
3042.8 0.6097
3051.6 0.6098
3061.0 0.6099
3068.0 0.6100
3072.2 0.6100
3078.4 0.6101
3086.6 0.6122
3094.4 0.6123
3098.0 0.6130
3101.6 0.6131
3105.0 0.6131
3111.8 0.6134
3117.8 0.6135
3122.2 0.6135
3125.2 0.6136
3136.0 0.6137
3140.6 0.6138
3145.8 0.6138
3151.2 0.6139
3158.0 0.6140
3169.6 0.6140
3180.6 0.6148
3189.6 0.6149
3194.8 0.6149
3202.0 0.6151
3209.0 0.6151
3215.4 0.6152
3225.4 0.6153
3231.6 0.6153
3246.0 0.6154
3250.6 0.6155
3258.6 0.6155
3265.8 0.6156
3271.6 0.6161
3275.0 0.6161
3282.0 0.6166
3289.6 0.6168
3302.0 0.6169
3314.2 0.6169
3320.0 0.6170
3328.4 0.6171
3334.0 0.6171
3343.0 0.6172
3351.6 0.6173
3359.0 0.6174
3367.2 0.6223
3376.6 0.6223
3380.0 0.6244
3386.0 0.6245
3389.2 0.6250
3391.2 0.6253
3395.0 0.6254
3400.0 0.6255
3402.8 0.6256
3406.4 0.6257
3408.8 0.6258
3410.8 0.6259
3413.4 0.6259
3418.0 0.6260
3422.6 0.6261
3425.4 0.6262
3430.2 0.6263
3435.4 0.6263
3442.0 0.6264
3452.2 0.6265
3459.8 0.6266
3464.6 0.6279
3467.2 0.6280
3473.4 0.6280
3482.0 0.6281
3487.6 0.6282
3496.4 0.6283
3502.2 0.6284
3505.2 0.6285
3511.0 0.6285
3517.0 0.6286
3522.4 0.6287
3528.0 0.6288
3532.6 0.6288
3542.2 0.6289
3549.0 0.6293
3556.2 0.6293
3560.4 0.6297
3565.4 0.6297
3570.6 0.6298
3576.8 0.6299
3586.8 0.6300
3592.6 0.6301
3601.6 0.6302
3608.2 0.6302
3617.0 0.6303
3626.0 0.6304
3631.4 0.6304
3639.4 0.6305
3648.0 0.6326
3656.8 0.6326
3661.0 0.6331
3666.6 0.6332
3670.0 0.6333
3676.0 0.6335
3684.8 0.6336
3689.0 0.6336
3694.0 0.6337
3698.6 0.6338
3708.4 0.6338
3714.2 0.6339
3722.4 0.6340
3729.0 0.6340
3736.8 0.6341
3739.8 0.6342
3744.6 0.6343
3751.8 0.6349
3756.8 0.6350
3761.6 0.6350
3768.8 0.6352
3776.6 0.6352
3784.4 0.6354
3795.0 0.6354
3805.2 0.6355
3816.4 0.6358
3824.0 0.6363
3829.8 0.6364
3838.0 0.6365
3849.0 0.6368
3860.6 0.6369
3868.8 0.6370
3875.2 0.6371
3880.4 0.6371
3889.6 0.6372
3899.2 0.6373
3903.8 0.6375
3914.4 0.6375
3924.0 0.6376
3928.4 0.6408
3936.8 0.6409
3940.8 0.6420
3945.8 0.6421
3950.8 0.6422
3955.4 0.6423
3964.0 0.6437
3971.2 0.6438
3977.8 0.6438
3982.0 0.6439
3984.2 0.6440
3991.0 0.6441
3997.4 0.6441
4003.2 0.6443
4011.8 0.6443
4017.4 0.6444
4020.2 0.6445
4028.4 0.6445
4035.6 0.6446
4043.8 0.6456
4052.0 0.6457
4062.6 0.6458
4069.4 0.6459
4082.8 0.6460
4085.8 0.6461
4089.0 0.6464
4098.6 0.6465
4104.0 0.6466
4108.4 0.6468
4114.0 0.6469
4117.8 0.6469
4127.0 0.6470
4141.4 0.6471
4148.0 0.6472
4153.8 0.6473
4158.8 0.6473
4165.6 0.6474
4169.6 0.6475
4175.6 0.6476
4179.8 0.6476
4188.8 0.6477
4197.4 0.6478
4209.0 0.6492
4213.6 0.6492
4220.6 0.6493
4222.4 0.6498
4228.8 0.6499
4234.6 0.6500
4237.2 0.6501
4245.8 0.6504
4256.0 0.6505
4265.4 0.6505
4275.0 0.6506
4285.0 0.6507
4290.6 0.6507
4300.2 0.6508
4303.6 0.6508
4317.8 0.6509
4323.8 0.6510
4337.8 0.6518
4344.8 0.6518
4354.2 0.6519
4356.4 0.6520
4361.4 0.6521
4370.4 0.6525
4375.8 0.6526
4382.6 0.6527
4389.0 0.6527
4398.4 0.6528
4401.8 0.6529
4411.4 0.6530
4422.0 0.6530
4427.2 0.6531
4436.8 0.6532
4442.0 0.6533
4451.2 0.6534
4459.2 0.6534
4468.0 0.6535
4478.8 0.6536
4485.6 0.6536
4492.8 0.6558
4498.2 0.6558
4503.6 0.6565
4508.4 0.6566
4513.2 0.6567
4519.2 0.6568
4526.2 0.6570
4529.0 0.6571
4539.4 0.6572
4546.2 0.6572
4551.4 0.6573
4553.0 0.6574
4559.0 0.6574
4567.2 0.6575
4576.0 0.6576
4583.2 0.6577
4591.2 0.6577
4600.6 0.6578
4606.0 0.6579
4615.6 0.6580
4619.8 0.6599
4629.4 0.6602
4632.6 0.6603
4637.8 0.6606
4642.0 0.6607
4648.8 0.6608
4652.2 0.6612
4655.8 0.6613
4659.6 0.6613
4662.6 0.6614
4671.0 0.6615
4678.8 0.6616
4683.8 0.6617
4690.2 0.6617
4699.6 0.6618
4709.0 0.6619
4719.0 0.6619
4726.2 0.6620
4740.4 0.6621
4754.2 0.6622
4760.2 0.6623
4766.0 0.6624
4778.0 0.6635
4783.8 0.6638
4789.8 0.6638
4795.6 0.6639
4804.2 0.6642
4808.2 0.6643
4820.6 0.6643
4825.6 0.6644
4833.8 0.6645
4845.8 0.6646
4852.2 0.6646
4863.0 0.6647
4871.8 0.6648
4877.0 0.6649
4884.6 0.6650
4893.8 0.6651
4899.0 0.6651
4905.2 0.6652
4908.8 0.6662
4914.8 0.6663
4920.4 0.6663
4931.4 0.6665
4943.2 0.6666
4953.6 0.6666
4966.0 0.6667
4977.8 0.6668
4986.8 0.6669
4996.0 0.6670
5002.8 0.6671
5014.2 0.6672
5026.4 0.6672
5031.6 0.6673
5041.0 0.6674
5047.8 0.6674
5059.6 0.6692
5063.4 0.6693
5075.2 0.6700
5083.6 0.6701
5086.8 0.6705
5094.6 0.6705
5100.0 0.6706
5106.4 0.6707
5111.6 0.6708
5119.0 0.6708
5124.4 0.6709
5132.0 0.6711
5137.4 0.6712
5142.0 0.6713
5150.4 0.6713
5155.6 0.6714
5167.4 0.6715
5176.8 0.6715
5182.0 0.6719
5189.0 0.6719
5196.8 0.6725
5205.0 0.6726
5213.8 0.6726
5218.8 0.6727
5226.6 0.6728
5230.8 0.6729
5239.8 0.6729
5243.0 0.6730
5250.0 0.6731
5253.8 0.6732
5262.8 0.6732
5268.8 0.6733
5277.2 0.6734
5288.0 0.6735
5302.6 0.6735
5316.8 0.6736
5320.2 0.6737
5325.0 0.6737
5331.4 0.6747
5343.0 0.6748
5346.4 0.6749
5352.6 0.6751
5358.6 0.6752
5371.2 0.6755
5375.0 0.6756
5388.8 0.6756
5395.0 0.6757
5406.0 0.6758
5412.4 0.6758
5420.2 0.6759
5431.4 0.6760
5451.2 0.6761
5457.8 0.6767
5464.2 0.6768
5469.6 0.6769
5482.2 0.6769
5492.2 0.6774
5498.0 0.6775
5508.6 0.6775
5517.4 0.6777
5525.6 0.6778
5535.2 0.6780
5541.0 0.6780
5551.2 0.6781
5562.8 0.6782
5568.8 0.6782
5580.0 0.6783
5587.6 0.6784
5597.2 0.6784
5602.2 0.6785
5612.0 0.6808
5623.8 0.6809
5627.8 0.6810
5632.6 0.6816
5637.2 0.6817
5640.8 0.6818
5647.0 0.6819
5654.0 0.6821
5660.2 0.6821
5664.8 0.6822
5669.0 0.6823
5677.2 0.6824
5687.0 0.6824
5692.6 0.6825
5701.8 0.6826
5712.0 0.6827
5719.2 0.6827
5726.8 0.6832
5730.6 0.6833
5735.6 0.6833
5743.8 0.6834
5751.2 0.6835
5760.0 0.6836
5766.8 0.6837
5779.4 0.6849
5783.0 0.6850
5794.0 0.6851
5797.2 0.6852
5809.4 0.6852
5816.2 0.6854
5821.2 0.6855
5828.8 0.6856
5837.2 0.6857
5846.4 0.6857
5855.6 0.6858
5860.6 0.6859
5865.0 0.6859
5873.0 0.6860
5883.0 0.6861
5890.0 0.6862
5901.2 0.6869
5907.4 0.6870
5910.6 0.6871
5913.2 0.6872
5922.2 0.6872
5926.8 0.6873
5934.0 0.6874
5940.0 0.6876
5947.0 0.6876
5952.4 0.6877
5959.6 0.6878
5968.4 0.6878
5976.0 0.6879
5982.8 0.6880
5993.8 0.6880
5999.2 0.6884
6007.6 0.6885
6013.4 0.6886
6020.2 0.6887
6035.6 0.6888
6048.4 0.6888
6056.4 0.6889
6061.8 0.6892
6067.2 0.6893
6076.4 0.6894
6087.4 0.6895
6092.6 0.6896
6100.8 0.6897
6115.2 0.6898
6123.2 0.6899
6129.2 0.6899
6136.2 0.6900
6145.6 0.6901
6160.4 0.6902
6177.0 0.6915
6184.2 0.6916
6188.2 0.6917
6196.6 0.6920
6203.6 0.6921
6209.0 0.6922
6216.2 0.6923
6220.4 0.6924
6228.6 0.6925
6237.6 0.6926
6252.2 0.6927
6257.0 0.6927
6265.2 0.6928
6271.4 0.6932
6279.0 0.6933
6284.4 0.6934
6287.6 0.6935
6294.0 0.6935
6305.4 0.6936
6311.0 0.6937
6314.4 0.6938
6319.4 0.6938
6334.0 0.6939
6343.6 0.6940
6352.4 0.6944
6358.8 0.6945
6371.0 0.6946
6387.2 0.6946
6398.8 0.6947
6405.4 0.6948
6415.0 0.6949
6420.6 0.6950
6432.2 0.6950
6449.6 0.6951
6462.0 0.6957
6471.4 0.6958
6483.0 0.6960
6494.2 0.6961
6504.0 0.6962
6510.4 0.6963
6518.8 0.6964
6525.0 0.6964
6536.4 0.6965
6543.4 0.6969
6551.8 0.6969
6558.2 0.6970
6561.6 0.6971
6570.8 0.6972
6580.2 0.6972
6589.4 0.6973
6595.8 0.6974
6608.0 0.6974
6611.4 0.6976
6618.8 0.6976
6625.6 0.6977
6637.4 0.6978
6647.0 0.6983
6654.8 0.6984
6661.6 0.6984
6669.4 0.6985
6678.6 0.6986
6684.8 0.6987
6690.4 0.6988
6702.4 0.6988
6714.2 0.6989
6726.4 0.6990
6732.6 0.6990
6745.4 0.7010
6753.6 0.7013
6761.6 0.7014
6768.6 0.7015
6773.0 0.7016
6777.2 0.7017
6782.4 0.7019
6788.2 0.7020
6794.2 0.7021
6802.0 0.7022
6806.2 0.7022
6816.2 0.7026
6825.2 0.7044
6831.2 0.7048
6839.6 0.7049
6847.2 0.7050
6857.6 0.7051
6860.4 0.7051
6869.2 0.7052
6873.8 0.7053
6877.4 0.7054
6881.6 0.7054
6892.2 0.7055
6905.6 0.7056
6911.8 0.7057
6920.4 0.7058
6930.6 0.7064
6942.0 0.7064
6960.8 0.7065
6969.6 0.7066
6984.8 0.7067
6997.8 0.7068
7006.2 0.7069
7010.2 0.7069
7020.0 0.7078
7027.6 0.7079
7035.0 0.7081
7039.4 0.7082
7046.8 0.7083
7055.8 0.7083
7059.8 0.7084
7069.4 0.7086
7079.8 0.7087
7090.8 0.7090
7104.2 0.7091
7112.2 0.7092
7120.2 0.7092
7130.8 0.7093
7138.2 0.7094
7144.4 0.7095
7158.8 0.7095
7171.8 0.7096
7183.6 0.7097
7199.4 0.7098
7207.4 0.7099
7224.4 0.7102
7232.0 0.7102
7239.4 0.7103
7252.0 0.7104
7265.0 0.7105
7280.8 0.7106
7295.6 0.7117
7306.0 0.7118
7315.6 0.7118
7328.2 0.7123
7337.2 0.7123
7346.4 0.7124
7360.2 0.7129
7372.2 0.7130
7376.4 0.7130
7381.8 0.7131
7390.0 0.7132
7399.0 0.7133
7409.0 0.7133
7425.2 0.7134
7441.4 0.7135
7450.2 0.7136
7457.8 0.7137
7465.2 0.7138
7481.4 0.7138
7500.2 0.7139
7514.6 0.7144
7521.4 0.7144
7539.4 0.7145
7552.2 0.7146
7561.2 0.7147
7572.6 0.7148
7581.8 0.7154
7587.2 0.7155
7593.4 0.7156
7597.2 0.7156
7603.4 0.7158
7608.8 0.7159
7615.8 0.7159
7621.4 0.7160
7630.2 0.7161
7635.6 0.7165
7648.2 0.7166
7656.4 0.7167
7666.0 0.7168
7674.2 0.7168
7682.8 0.7169
7694.0 0.7170
7704.0 0.7171
7710.6 0.7172
7724.0 0.7173
7733.4 0.7174
7745.6 0.7174
7763.0 0.7175
7775.0 0.7176
7786.0 0.7176
7795.0 0.7179
7802.4 0.7180
7817.6 0.7181
7835.0 0.7182
7856.8 0.7193
7860.6 0.7194
7871.8 0.7195
7891.2 0.7200
7896.0 0.7200
7905.4 0.7203
7912.8 0.7205
7923.2 0.7206
7928.4 0.7206
7938.4 0.7207
7954.0 0.7208
7964.4 0.7208
7974.2 0.7209
7983.4 0.7210
7992.6 0.7211
7998.6 0.7211
8013.6 0.7212
8045.4 0.7213
8058.0 0.7213
8072.8 0.7214
8081.4 0.7219
8088.6 0.7220
8105.8 0.7221
8115.0 0.7222
8132.0 0.7222
8148.4 0.7230
8155.4 0.7230
8159.6 0.7231
8165.0 0.7232
8179.6 0.7236
8189.2 0.7237
8195.0 0.7238
8211.2 0.7240
8220.8 0.7241
8225.2 0.7241
8238.6 0.7242
8253.4 0.7243
8260.6 0.7244
8266.2 0.7245
8277.2 0.7245
8291.2 0.7246
8311.4 0.7247
8336.0 0.7247
8345.4 0.7248
8365.0 0.7249
8376.0 0.7251
8383.6 0.7252
8396.4 0.7253
8406.4 0.7253
8412.4 0.7254
8429.0 0.7266
8435.6 0.7267
8445.8 0.7271
8452.8 0.7277
8465.0 0.7278
8470.0 0.7279
8474.6 0.7280
8481.2 0.7281
8497.8 0.7282
8511.6 0.7283
8530.4 0.7283
8534.0 0.7285
8541.6 0.7285
8557.0 0.7286
8567.4 0.7287
8592.6 0.7288
8603.4 0.7289
8617.4 0.7290
8635.0 0.7290
8642.8 0.7291
8657.8 0.7292
8673.8 0.7298
8693.6 0.7299
8708.0 0.7305
8716.6 0.7305
8719.0 0.7307
8729.0 0.7311
8737.4 0.7312
8746.0 0.7313
8754.4 0.7314
8760.6 0.7316
8783.2 0.7316
8801.0 0.7317
8819.4 0.7318
8833.6 0.7318
8858.4 0.7319
8871.0 0.7320
8896.6 0.7321
8910.4 0.7321
8919.4 0.7322
8932.4 0.7323
8947.0 0.7325
8964.0 0.7325
8973.4 0.7326
8988.0 0.7334
8996.0 0.7338
9003.2 0.7339
9011.0 0.7344
9029.6 0.7345
9045.6 0.7346
9067.8 0.7347
9080.4 0.7347
9093.4 0.7348
9107.6 0.7349
9123.4 0.7349
9130.6 0.7350
9143.8 0.7351
9149.4 0.7352
9167.4 0.7352
9183.8 0.7353
9224.0 0.7354
9235.2 0.7358
9259.8 0.7364
9282.6 0.7367
9287.4 0.7369
9299.2 0.7370
9311.0 0.7371
9325.8 0.7372
9346.0 0.7372
9357.2 0.7373
9371.8 0.7374
9381.0 0.7375
9409.0 0.7375
9432.8 0.7377
9462.8 0.7377
9489.2 0.7378
9510.0 0.7379
9525.4 0.7380
9545.8 0.7391
9556.0 0.7391
9565.4 0.7392
9572.2 0.7397
9577.2 0.7397
9596.4 0.7398
9605.2 0.7399
9626.0 0.7400
9643.2 0.7401
9659.8 0.7401
9672.4 0.7402
9700.0 0.7403
9715.8 0.7403
9750.8 0.7404
9758.6 0.7405
9774.2 0.7406
9792.8 0.7406
9813.6 0.7412
9829.8 0.7418
9840.2 0.7419
9849.0 0.7421
9859.8 0.7422
9868.8 0.7422
9888.8 0.7423
9897.6 0.7424
9906.0 0.7425
9922.4 0.7426
9946.8 0.7427
9965.4 0.7428
9983.2 0.7429
9998.4 0.7430
10012.0 0.7431
10032.8 0.7432
10052.4 0.7433
10073.8 0.7434
10080.0 0.7434
10101.2 0.7439
10113.4 0.7452
10120.4 0.7453
10129.4 0.7453
10134.6 0.7456
10147.6 0.7457
10160.6 0.7458
10170.0 0.7459
10175.2 0.7461
10186.2 0.7461
10205.0 0.7462
10220.0 0.7463
10233.2 0.7464
10239.0 0.7465
10248.4 0.7466
10259.4 0.7467
10264.0 0.7468
10280.0 0.7470
10290.8 0.7471
10302.8 0.7472
10328.0 0.7473
10340.8 0.7473
10355.6 0.7474
10368.2 0.7477
10389.2 0.7485
10398.0 0.7489
10401.0 0.7490
10408.0 0.7491
10416.4 0.7492
10426.0 0.7493
10432.4 0.7494
10448.4 0.7495
10459.2 0.7497
10474.6 0.7497
10491.0 0.7498
10508.0 0.7499
10533.4 0.7499
10560.2 0.7500
10565.0 0.7501
10580.8 0.7501
10599.6 0.7502
10611.6 0.7503
10639.6 0.7507
10657.6 0.7508
10672.4 0.7516
10685.8 0.7518
10692.2 0.7518
10698.8 0.7522
10717.2 0.7522
10737.2 0.7523
10747.8 0.7525
10762.0 0.7525
10777.2 0.7526
10796.2 0.7527
10800.0 0.7528
10810.4 0.7528
10824.2 0.7529
10837.0 0.7530
10855.6 0.7530
10869.8 0.7531
10886.0 0.7532
10907.8 0.7536
10920.6 0.7537
10936.2 0.7537
10954.4 0.7543
10974.6 0.7547
10985.0 0.7548
10996.8 0.7549
11015.6 0.7550
11032.2 0.7551
11040.0 0.7552
11056.4 0.7553
11072.0 0.7554
11088.6 0.7554
11094.8 0.7555
11116.8 0.7556
11132.6 0.7556
11152.0 0.7557
11174.6 0.7558
11191.6 0.7561
11207.4 0.7562
11227.2 0.7573
11236.8 0.7574
11243.8 0.7575
11255.8 0.7577
11263.8 0.7582
11268.0 0.7583
11276.8 0.7584
11284.4 0.7585
11299.0 0.7585
11306.4 0.7587
11313.0 0.7588
11327.6 0.7589
11342.4 0.7589
11352.6 0.7590
11355.8 0.7591
11365.4 0.7592
11380.8 0.7592
11387.8 0.7593
11396.0 0.7593
11406.0 0.7594
11418.0 0.7595
11433.4 0.7596
11442.4 0.7596
11453.4 0.7600
11465.6 0.7601
11483.6 0.7602
11506.4 0.7608
11519.6 0.7608
11535.0 0.7609
11540.0 0.7611
11544.2 0.7615
11559.0 0.7616
11577.6 0.7616
11582.2 0.7617
11601.6 0.7619
11620.4 0.7619
11638.4 0.7620
11658.8 0.7621
11677.4 0.7621
11699.2 0.7622
11721.8 0.7624
11734.0 0.7625
11744.8 0.7626
11764.6 0.7626
11784.2 0.7627
11796.2 0.7636
11805.6 0.7637
11817.0 0.7638
11821.4 0.7641
11843.6 0.7644
11857.8 0.7644
11873.6 0.7646
11893.6 0.7647
11912.4 0.7647
11930.2 0.7648
11947.4 0.7649
11967.0 0.7649
11974.0 0.7650
11993.2 0.7651
12004.2 0.7654
12013.8 0.7655
12048.2 0.7655
12063.4 0.7656
12077.0 0.7662
12095.2 0.7663
12109.6 0.7664
12120.4 0.7665
12133.6 0.7668
12155.8 0.7669
12171.4 0.7670
12181.6 0.7671
12199.4 0.7671
12209.4 0.7672
12236.2 0.7673
12251.6 0.7674
12267.0 0.7676
12277.0 0.7677
12286.0 0.7678
12294.8 0.7679
12302.6 0.7679
12316.4 0.7680
12329.6 0.7681
12354.4 0.7691
12365.6 0.7692
12376.2 0.7692
12386.4 0.7696
12408.2 0.7697
12424.6 0.7699
12442.4 0.7702
12453.6 0.7702
12469.6 0.7703
12482.8 0.7704
12495.8 0.7704
12513.4 0.7705
12544.2 0.7707
12554.6 0.7708
12563.2 0.7709
12587.2 0.7715
12605.0 0.7716
12634.4 0.7722
12652.0 0.7723
12658.2 0.7723
12668.8 0.7725
12681.4 0.7726
12714.0 0.7729
12734.0 0.7730
12749.2 0.7730
12757.4 0.7731
12764.6 0.7732
12784.2 0.7732
12804.8 0.7734
12813.4 0.7736
12824.8 0.7736
12837.4 0.7738
12856.4 0.7738
12879.8 0.7739
12899.6 0.7740
12907.6 0.7765
12918.0 0.7769
12932.2 0.7770
12944.6 0.7774
12960.0 0.7775
12975.0 0.7775
12988.2 0.7777
12999.6 0.7778
13009.2 0.7779
13015.4 0.7780
13044.4 0.7781
13064.4 0.7781
13082.8 0.7782
13089.0 0.7786
13118.2 0.7787
13134.6 0.7788
13149.8 0.7802
13158.6 0.7803
13169.4 0.7803
13177.8 0.7804
13196.8 0.7811
13206.2 0.7812
13214.2 0.7812
13232.6 0.7814
13243.6 0.7815
13259.4 0.7817
13274.0 0.7818
13280.2 0.7821
13289.6 0.7823
13304.8 0.7824
13316.8 0.7824
13330.2 0.7825
13340.8 0.7826
13350.8 0.7827
13366.4 0.7831
13380.8 0.7832
13403.0 0.7833
13424.0 0.7834
13444.0 0.7835
13461.0 0.7836
13478.0 0.7847
13486.4 0.7848
13491.6 0.7849
13504.6 0.7850
13516.6 0.7853
13528.6 0.7855
13539.6 0.7856
13549.4 0.7857
13567.0 0.7861
13581.4 0.7861
13590.4 0.7862
13600.8 0.7863
13607.6 0.7864
13630.0 0.7869
13640.6 0.7872
13649.8 0.7872
13658.2 0.7875
13675.2 0.7875
13695.0 0.7876
13703.2 0.7877
13721.0 0.7878
13737.6 0.7879
13758.0 0.7885
13770.8 0.7886
13787.4 0.7887
13800.0 0.7889
13826.0 0.7889
13833.4 0.7890
13847.4 0.7893
13856.4 0.7895
13869.0 0.7897
13881.6 0.7898
13892.4 0.7899
13917.2 0.7902
13934.4 0.7903
13948.8 0.7904
13975.8 0.7904
13982.6 0.7905
14005.0 0.7906
14041.0 0.7913
14064.4 0.7914
14084.2 0.7916
14113.2 0.7917
14126.8 0.7918
14146.6 0.7921
14168.8 0.7922
14190.2 0.7925
14205.4 0.7926
14220.0 0.7926
14240.6 0.7927
14259.2 0.7928
14272.6 0.7929
14304.0 0.7929
14323.0 0.7936
14335.0 0.7937
14348.4 0.7938
14376.0 0.7942
14394.4 0.7942
14413.0 0.7944
14430.0 0.7947
14447.8 0.7951
14462.4 0.7951
14485.0 0.7952
14502.4 0.7953
14537.2 0.7954
14554.8 0.7954
14577.0 0.7955
14602.0 0.7963
14622.6 0.7964
14644.6 0.7967
14672.0 0.7968
14686.8 0.7968
14709.2 0.7970
14722.2 0.7975
14736.2 0.7975
14754.0 0.7976
14777.4 0.7977
14798.6 0.7977
14822.6 0.7978
14862.6 0.7979
14880.8 0.7985
14896.4 0.7986
14916.6 0.7987
14946.6 0.7988
14977.8 0.7989
14995.6 0.7991
15009.6 0.7995
15025.0 0.7995
15051.2 0.7996
15078.2 0.7997
15103.4 0.7997
15116.8 0.7998
15147.6 0.7999
15168.4 0.8005
15188.2 0.8006
15205.4 0.8009
15230.6 0.8010
15252.8 0.8011
15267.4 0.8015
15285.4 0.8016
15297.8 0.8017
15314.2 0.8017
15337.8 0.8018
15356.2 0.8019
15381.6 0.8020
15429.8 0.8020
15441.8 0.8025
15455.0 0.8026
15473.8 0.8026
15538.2 0.8031
15569.2 0.8032
15580.8 0.8033
15598.4 0.8034
15625.4 0.8035
15640.6 0.8036
15666.0 0.8037
15692.4 0.8037
15722.4 0.8044
15731.8 0.8045
15748.2 0.8045
15773.4 0.8047
15801.2 0.8047
15840.4 0.8051
15851.0 0.8051
15873.0 0.8053
15896.0 0.8054
15909.4 0.8055
15925.8 0.8055
15951.8 0.8056
15983.0 0.8056
16010.0 0.8062
16037.4 0.8063
16045.0 0.8064
16093.6 0.8067
16112.6 0.8068
16135.8 0.8068
16161.6 0.8070
16177.6 0.8071
16198.4 0.8072
16238.4 0.8073
16273.6 0.8073
16289.6 0.8081
16312.8 0.8081
16334.8 0.8083
16360.2 0.8086
16382.8 0.8086
16405.2 0.8088
16421.6 0.8088
16435.8 0.8089
16459.6 0.8090
16475.6 0.8091
16503.8 0.8091
16532.2 0.8092
16562.6 0.8098
16585.6 0.8099
16594.2 0.8099
16611.8 0.8100
16628.6 0.8103
16644.2 0.8104
16669.6 0.8105
16678.4 0.8106
16695.0 0.8107
16708.0 0.8108
16716.0 0.8109
16725.0 0.8110
16741.6 0.8112
16765.0 0.8114
16788.6 0.8115
16806.4 0.8116
16836.0 0.8123
16854.8 0.8124
16873.4 0.8125
16886.2 0.8127
16899.0 0.8128
16911.8 0.8131
16924.6 0.8132
16934.2 0.8133
16950.8 0.8133
16970.4 0.8134
16981.8 0.8135
17003.0 0.8136
17033.0 0.8137
17047.8 0.8138
17064.6 0.8139
17091.0 0.8140
17122.2 0.8147
17138.6 0.8147
17163.6 0.8148
17184.8 0.8152
17198.2 0.8152
17232.6 0.8153
17250.8 0.8154
17269.6 0.8155
17293.6 0.8155
17317.8 0.8157
17385.0 0.8158
17396.0 0.8158
17422.4 0.8165
17446.4 0.8167
17461.8 0.8168
17489.8 0.8169
17508.4 0.8170
17521.2 0.8171
17534.0 0.8171
17572.0 0.8172
17586.8 0.8173
17605.8 0.8174
17629.8 0.8175
17678.8 0.8179
17697.6 0.8180
17719.8 0.8183
17742.0 0.8184
17765.2 0.8185
17800.8 0.8185
17834.2 0.8186
17863.8 0.8187
17886.4 0.8188
17903.0 0.8190
17934.6 0.8190
17980.8 0.8198
17997.2 0.8202
18008.2 0.8203
18033.6 0.8205
18067.2 0.8206
18081.8 0.8206
18109.2 0.8207
18124.0 0.8208
18147.0 0.8209
18185.0 0.8210
18201.4 0.8211
18236.4 0.8212
18256.8 0.8217
18283.8 0.8220
18338.8 0.8221
18359.2 0.8222
18387.6 0.8223
18431.6 0.8223
18465.6 0.8224
18475.2 0.8226
18508.8 0.8227
18536.8 0.8235
18559.8 0.8236
18591.2 0.8238
18623.8 0.8239
18667.8 0.8240
18686.8 0.8241
18723.2 0.8241
18745.6 0.8242
18787.2 0.8243
18818.0 0.8248
18835.8 0.8249
18863.8 0.8250
18892.2 0.8251
18912.0 0.8252
18956.2 0.8253
18972.2 0.8253
19002.4 0.8254
19025.4 0.8255
19058.6 0.8257
19097.0 0.8264
19132.2 0.8265
19178.2 0.8266
19204.4 0.8267
19227.8 0.8268
19241.8 0.8269
19279.0 0.8270
19291.0 0.8270
19322.8 0.8271
19354.6 0.8275
19374.0 0.8280
19396.6 0.8281
19422.2 0.8283
19431.8 0.8283
19490.6 0.8284
19507.6 0.8285
19531.2 0.8286
19565.2 0.8286
19624.8 0.8288
19642.0 0.8295
19657.2 0.8296
19689.0 0.8297
19734.8 0.8298
19778.4 0.8299
19797.4 0.8300
19827.4 0.8301
19851.4 0.8301
19895.4 0.8302
19916.4 0.8306
19939.2 0.8309
19958.2 0.8310
19975.0 0.8311
19994.0 0.8312
20027.4 0.8313
20049.2 0.8314
20064.6 0.8315
20088.0 0.8316
20123.2 0.8317
20150.2 0.8318
20172.4 0.8321
20189.4 0.8322
20213.0 0.8331
20225.0 0.8332
20232.6 0.8333
20252.6 0.8333
20264.6 0.8335
20283.0 0.8337
20299.0 0.8338
20315.2 0.8338
20342.0 0.8339
20354.8 0.8340
20366.0 0.8341
20400.2 0.8342
20423.4 0.8342
20445.0 0.8345
20474.8 0.8346
20489.6 0.8350
20499.4 0.8352
20532.4 0.8352
20592.8 0.8354
20623.6 0.8355
20639.8 0.8356
20695.6 0.8357
20712.8 0.8357
20734.2 0.8360
20758.2 0.8361
20779.2 0.8367
20804.8 0.8368
20813.2 0.8369
20826.8 0.8369
20849.8 0.8370
20865.4 0.8371
20905.4 0.8371
20918.4 0.8373
20934.2 0.8374
20968.2 0.8374
20997.4 0.8377
21013.2 0.8378
21046.4 0.8384
21057.4 0.8385
21079.2 0.8386
21095.2 0.8387
21127.8 0.8388
21142.8 0.8389
21187.0 0.8390
21212.6 0.8391
21247.6 0.8392
21273.8 0.8394
21325.2 0.8394
21338.6 0.8401
21359.0 0.8403
21384.6 0.8403
21405.0 0.8405
21426.2 0.8405
21449.4 0.8406
21478.0 0.8407
21502.0 0.8408
21516.0 0.8409
21532.6 0.8410
21552.2 0.8414
21565.8 0.8415
21590.0 0.8416
21615.4 0.8422
21625.4 0.8423
21651.0 0.8424
21667.8 0.8425
21698.2 0.8430
21722.6 0.8430
21737.6 0.8431
21766.6 0.8432
21799.0 0.8432
21840.8 0.8436
21871.6 0.8437
21891.6 0.8444
21899.4 0.8444
21927.0 0.8445
21955.8 0.8446
21973.6 0.8447
21995.8 0.8448
22026.2 0.8448
22046.0 0.8450
22067.6 0.8451
22082.6 0.8453
22111.2 0.8454
22147.8 0.8455
22176.2 0.8459
22191.0 0.8460
22230.6 0.8461
22247.0 0.8462
22289.6 0.8463
22325.4 0.8464
22355.4 0.8467
22371.4 0.8467
22418.8 0.8468
22463.0 0.8475
22481.2 0.8476
22517.6 0.8479
22551.0 0.8480
22568.6 0.8480
22596.4 0.8481
22611.2 0.8482
22648.0 0.8485
22679.4 0.8486
22716.6 0.8487
22742.6 0.8490
22793.4 0.8491
22828.2 0.8492
22848.0 0.8493
22891.4 0.8494
22906.8 0.8496
22938.8 0.8497
22965.6 0.8498
23020.2 0.8502
23040.0 0.8502
23062.8 0.8503
23094.0 0.8506
23128.2 0.8507
23172.0 0.8509
23185.2 0.8510
23250.6 0.8510
23266.0 0.8511
23291.2 0.8513
23320.6 0.8514
23350.0 0.8514
23380.8 0.8516
23418.0 0.8516
23443.6 0.8518
23469.2 0.8520
23493.6 0.8520
23516.0 0.8521
23557.6 0.8523
23580.8 0.8529
23595.6 0.8531
23607.8 0.8532
23630.0 0.8532
23639.4 0.8533
23665.2 0.8535
23694.6 0.8536
23716.2 0.8538
23737.6 0.8538
23747.2 0.8539
23760.4 0.8540
23780.2 0.8541
23795.6 0.8542
23819.0 0.8542
23854.4 0.8546
23863.8 0.8546
23894.0 0.8547
23943.8 0.8548
23964.4 0.8549
23993.8 0.8552
24035.8 0.8552
24077.6 0.8553
24136.6 0.8557
24156.2 0.8558
24184.6 0.8559
24207.0 0.8560
24253.4 0.8561
24279.0 0.8563
24309.6 0.8564
24340.8 0.8565
24373.4 0.8566
24405.8 0.8566
24414.2 0.8568
24465.4 0.8569
24485.8 0.8570
24496.6 0.8571
24531.0 0.8572
24586.0 0.8574
24618.4 0.8575
24637.8 0.8575
24685.6 0.8576
24704.6 0.8582
24725.6 0.8582
24750.2 0.8583
24766.2 0.8584
24819.6 0.8587
24860.0 0.8588
24884.6 0.8589
24918.0 0.8590
24956.6 0.8591
24982.0 0.8594
25008.6 0.8594
25031.8 0.8595
25049.8 0.8596
25079.2 0.8599
25108.2 0.8600
25138.4 0.8600
25151.4 0.8601
25163.2 0.8602
25198.0 0.8603
25230.4 0.8603
25254.8 0.8607
25300.0 0.8607
25324.0 0.8608
25342.8 0.8609
25374.2 0.8612
25407.8 0.8615
25430.4 0.8616
25461.0 0.8617
25501.0 0.8617
25531.4 0.8618
25559.8 0.8621
25584.8 0.8621
25607.4 0.8623
25648.6 0.8625
25673.8 0.8626
25699.6 0.8627
25727.2 0.8628
25758.8 0.8629
25823.8 0.8634
25852.0 0.8634
25877.2 0.8635
25906.4 0.8636
25920.2 0.8637
25974.0 0.8639
25999.2 0.8640
26052.8 0.8640
26070.2 0.8641
26102.6 0.8643
26132.0 0.8644
26147.6 0.8645
26169.6 0.8648
26189.0 0.8649
26217.2 0.8649
26238.8 0.8650
26261.4 0.8651
26277.6 0.8652
26317.0 0.8653
26350.6 0.8653
26376.4 0.8656
26410.8 0.8656
26442.0 0.8657
26451.6 0.8660
26477.8 0.8661
26526.4 0.8661
26575.6 0.8663
26598.8 0.8664
26650.6 0.8665
26675.2 0.8667
26689.2 0.8668
26711.2 0.8668
26733.0 0.8671
26784.4 0.8672
26802.2 0.8673
26822.4 0.8673
26847.8 0.8674
26871.6 0.8675
26892.2 0.8676
26925.2 0.8676
26948.6 0.8682
26975.0 0.8683
26992.2 0.8685
27004.2 0.8686
27023.8 0.8687
27042.8 0.8688
27070.6 0.8689
27083.4 0.8690
27120.8 0.8690
27129.4 0.8692
27144.8 0.8693
27166.4 0.8694
27180.6 0.8695
27199.6 0.8696
27212.0 0.8696
27229.2 0.8699
27243.4 0.8700
27265.2 0.8702
27294.4 0.8703
27340.0 0.8706
27381.2 0.8707
27410.8 0.8707
27454.0 0.8708
27491.0 0.8709
27510.2 0.8712
27532.6 0.8714
27553.8 0.8715
27594.8 0.8715
27615.2 0.8716
27654.4 0.8717
27694.8 0.8718
27716.6 0.8719
27754.2 0.8720
27803.6 0.8722
27855.4 0.8724
27907.0 0.8725
27966.2 0.8726
27993.2 0.8727
28010.8 0.8728
28052.4 0.8729
28083.2 0.8731
28110.2 0.8732
28155.0 0.8733
28183.6 0.8733
28206.0 0.8734
28226.0 0.8735
28260.0 0.8736
28282.8 0.8737
28313.6 0.8738
28340.6 0.8740
28363.4 0.8742
28421.4 0.8743
28454.8 0.8744
28482.6 0.8745
28521.6 0.8745
28537.2 0.8746
28551.4 0.8747
28580.6 0.8748
28621.2 0.8751
28702.8 0.8753
28735.8 0.8755
28778.4 0.8756
28813.0 0.8757
28838.8 0.8757
28862.2 0.8759
28908.6 0.8761
28919.2 0.8762
28936.8 0.8762
28980.4 0.8763
28991.4 0.8764
29006.8 0.8765
29035.2 0.8765
29061.6 0.8766
29104.6 0.8766
29122.4 0.8768
29153.4 0.8770
29181.6 0.8771
29200.2 0.8773
29251.6 0.8774
29275.0 0.8774
29299.0 0.8775
29366.8 0.8776
29394.2 0.8776
29423.8 0.8777
29459.2 0.8779
29480.2 0.8781
29525.6 0.8782
29560.0 0.8783
29598.2 0.8784
29644.2 0.8784
29692.8 0.8785
29729.2 0.8787
29756.0 0.8789
29776.4 0.8790
29789.2 0.8790
29812.4 0.8791
29844.8 0.8792
29870.4 0.8793
29888.8 0.8793
29931.6 0.8794
29972.4 0.8795
30012.0 0.8797
30041.6 0.8799
30088.2 0.8800
30114.8 0.8801
30132.0 0.8802
30153.6 0.8802
30226.8 0.8803
30244.2 0.8804
30286.2 0.8806
30304.8 0.8809
30326.8 0.8810
30358.8 0.8811
30378.4 0.8811
30407.6 0.8812
30436.6 0.8813
30475.2 0.8815
30517.6 0.8816
30535.8 0.8818
30564.2 0.8819
30589.6 0.8822
30626.8 0.8823
30669.0 0.8824
30695.8 0.8825
30713.6 0.8825
30739.0 0.8826
30803.8 0.8828
30831.4 0.8829
30860.2 0.8829
30880.2 0.8831
30896.2 0.8831
30938.4 0.8832
31003.0 0.8833
31039.0 0.8834
31076.4 0.8836
31145.6 0.8836
31167.6 0.8838
31207.0 0.8839
31250.2 0.8840
31272.4 0.8841
31324.8 0.8841
31367.8 0.8843
31406.4 0.8844
31441.0 0.8846
31445.4 0.8846
31477.0 0.8847
31515.6 0.8848
31554.0 0.8849
31592.4 0.8849
31621.6 0.8851
31643.6 0.8852
31667.2 0.8853
31686.6 0.8853
31714.4 0.8855
31756.2 0.8855
31798.2 0.8856
31837.0 0.8857
31858.2 0.8858
31897.2 0.8859
31962.0 0.8860
31988.4 0.8862
32026.6 0.8862
32057.6 0.8863
32075.0 0.8864
32129.2 0.8865
32179.4 0.8866
32211.4 0.8867
32256.6 0.8868
32308.8 0.8869
32337.0 0.8871
32366.4 0.8871
32410.2 0.8872
32458.0 0.8873
32475.0 0.8874
32513.8 0.8875
32549.6 0.8877
32610.0 0.8878
32642.4 0.8879
32656.8 0.8880
32728.8 0.8882
32795.2 0.8883
32891.4 0.8885
32923.8 0.8887
32960.6 0.8888
33001.2 0.8889
33058.8 0.8890
33072.4 0.8891
33110.8 0.8893
33145.6 0.8893
33149.0 0.8894
33188.8 0.8895
33244.0 0.8896
33294.0 0.8898
33333.0 0.8898
33358.0 0.8899
33405.0 0.8901
33431.6 0.8902
33486.6 0.8904
33553.6 0.8905
33581.8 0.8906
33629.4 0.8906
33680.6 0.8908
33709.4 0.8909
33786.2 0.8910
33817.4 0.8912
33846.8 0.8913
33885.4 0.8914
33913.6 0.8916
33935.4 0.8917
33961.4 0.8920
34019.0 0.8920
34065.8 0.8922
34086.6 0.8923
34133.6 0.8924
34186.2 0.8925
34237.0 0.8927
34268.4 0.8928
34342.8 0.8929
34364.2 0.8930
34400.0 0.8931
34436.0 0.8932
34509.6 0.8933
34531.4 0.8935
34581.4 0.8935
34609.0 0.8936
34636.2 0.8938
34677.8 0.8938
34759.8 0.8939
34818.8 0.8941
34892.8 0.8942
34931.6 0.8943
35015.8 0.8944
35042.4 0.8945
35092.2 0.8946
35110.6 0.8947
35141.0 0.8948
35166.8 0.8949
35211.0 0.8950
35242.8 0.8951
35290.0 0.8951
35319.8 0.8952
35348.6 0.8953
35380.8 0.8955
35433.4 0.8955
35461.6 0.8957
35497.8 0.8958
35531.0 0.8959
35569.0 0.8959
35622.4 0.8960
35665.4 0.8961
35691.4 0.8962
35731.6 0.8963
35741.6 0.8964
35781.8 0.8964
35801.8 0.8965
35886.0 0.8966
35927.8 0.8967
35975.8 0.8968
36019.2 0.8969
36075.0 0.8970
36099.0 0.8970
36111.0 0.8971
36162.6 0.8972
36189.8 0.8972
36217.0 0.8974
36261.2 0.8975
36318.2 0.8976
36351.4 0.8977
36376.0 0.8978
36452.0 0.8978
36489.0 0.8981
36538.8 0.8982
36582.0 0.8983
36620.8 0.8983
36680.8 0.8984
36721.2 0.8985
36787.2 0.8986
36825.8 0.8987
36867.0 0.8988
36930.2 0.8989
36950.8 0.8990
37000.8 0.8991
37026.6 0.8991
37073.6 0.8994
37098.2 0.8995
37139.8 0.8995
37166.2 0.8996
37184.4 0.8997
37226.8 0.8999
37270.0 0.9000
37312.6 0.9001
37358.4 0.9002
37382.4 0.9003
37436.4 0.9004
37474.0 0.9004
37514.2 0.9005
37557.8 0.9006
37600.4 0.9008
37618.8 0.9009
37644.8 0.9010
37666.2 0.9010
37707.6 0.9011
37759.4 0.9012
37781.2 0.9012
37863.8 0.9013
37912.2 0.9015
37974.6 0.9016
37990.6 0.9017
38027.0 0.9017
38092.8 0.9018
38122.2 0.9019
38164.0 0.9022
38180.6 0.9022
38198.8 0.9023
38276.0 0.9024
38326.4 0.9025
38393.2 0.9026
38450.8 0.9027
38488.8 0.9028
38535.8 0.9028
38567.6 0.9029
38593.2 0.9030
38672.4 0.9031
38722.8 0.9034
38775.4 0.9034
38816.8 0.9035
38882.6 0.9036
38945.6 0.9036
39001.6 0.9038
39032.0 0.9039
39079.8 0.9039
39120.0 0.9040
39150.8 0.9040
39195.2 0.9041
39247.4 0.9042
39271.2 0.9043
39334.2 0.9045
39385.0 0.9046
39447.0 0.9046
39489.6 0.9047
39521.2 0.9048
39556.6 0.9049
39584.2 0.9050
39654.6 0.9051
39679.8 0.9052
39700.2 0.9052
39791.0 0.9053
39805.8 0.9054
39837.8 0.9055
39876.6 0.9056
39899.4 0.9057
39958.8 0.9057
40034.6 0.9058
40070.4 0.9059
40099.0 0.9059
40125.8 0.9060
40136.8 0.9062
40156.6 0.9063
40207.4 0.9063
40232.6 0.9064
40268.0 0.9065
40303.8 0.9065
40344.2 0.9066
40387.8 0.9067
40412.4 0.9072
40454.0 0.9073
40482.4 0.9074
40512.4 0.9074
40540.2 0.9076
40560.0 0.9077
40583.8 0.9078
40600.0 0.9079
40621.0 0.9081
40655.8 0.9081
40694.4 0.9084
40722.4 0.9085
40762.8 0.9086
40795.0 0.9086
40805.6 0.9087
40863.8 0.9088
40889.8 0.9089
40900.4 0.9091
40963.4 0.9091
40987.6 0.9094
41042.6 0.9094
41079.0 0.9095
41152.0 0.9097
41177.8 0.9098
41242.4 0.9098
41269.8 0.9100
41324.0 0.9101
41373.2 0.9102
41429.4 0.9102
41504.0 0.9103
41528.8 0.9105
41555.8 0.9105
41612.6 0.9106
41644.8 0.9107
41682.0 0.9108
41743.0 0.9109
41800.0 0.9110
41831.4 0.9111
41887.4 0.9112
41957.8 0.9113
41992.6 0.9114
42101.0 0.9116
42141.4 0.9118
42171.6 0.9119
42221.6 0.9120
42268.2 0.9121
42310.4 0.9121
42340.4 0.9122
42370.6 0.9124
42413.8 0.9125
42446.4 0.9127
42467.8 0.9127
42522.2 0.9128
42548.8 0.9130
42651.2 0.9131
42683.6 0.9132
42742.8 0.9134
42789.0 0.9134
42829.4 0.9136
42894.8 0.9137
42946.0 0.9138
42998.2 0.9139
43019.0 0.9140
43058.6 0.9141
43099.4 0.9142
43133.0 0.9143
43165.2 0.9144
43206.0 0.9144
43243.4 0.9145
43287.4 0.9146
43326.0 0.9147
43378.4 0.9149
43446.4 0.9150
43539.2 0.9151
43580.4 0.9152
43613.6 0.9153
43647.0 0.9154
43687.0 0.9154
43721.8 0.9155
43773.6 0.9157
43789.2 0.9158
43808.0 0.9158
43844.2 0.9159
43902.4 0.9160
43926.2 0.9161
43978.6 0.9161
44025.8 0.9163
44077.0 0.9164
44131.6 0.9165
44144.4 0.9166
44193.8 0.9167
44262.0 0.9167
44351.6 0.9169
44397.4 0.9170
44444.6 0.9171
44501.6 0.9171
44600.2 0.9172
44650.8 0.9173
44706.4 0.9174
44739.8 0.9175
44786.2 0.9176
44854.0 0.9176
44893.6 0.9177
44926.8 0.9178
44971.8 0.9179
45024.0 0.9181
45058.2 0.9182
45083.8 0.9182
45144.8 0.9183
45249.8 0.9184
45284.4 0.9185
45310.2 0.9186
45354.8 0.9186
45397.2 0.9187
45423.4 0.9188
45464.2 0.9189
45500.0 0.9190
45531.8 0.9191
45611.6 0.9192
45645.0 0.9192
45696.8 0.9193
45748.8 0.9195
45776.4 0.9196
45813.6 0.9197
45877.6 0.9198
45909.0 0.9198
45949.8 0.9199
46018.4 0.9201
46056.2 0.9201
46070.2 0.9202
46137.2 0.9203
46154.0 0.9203
46176.0 0.9204
46195.6 0.9205
46262.6 0.9206
46315.6 0.9207
46357.0 0.9208
46395.2 0.9208
46421.0 0.9209
46449.6 0.9210
46496.0 0.9211
46579.6 0.9212
46628.2 0.9212
46687.6 0.9213
46721.6 0.9214
46784.4 0.9215
46823.2 0.9215
46871.2 0.9217
46894.6 0.9217
46935.6 0.9218
46963.0 0.9219
46996.4 0.9219
47052.4 0.9220
47091.8 0.9221
47140.8 0.9223
47192.8 0.9224
47275.2 0.9224
47297.6 0.9225
47318.0 0.9226
47341.0 0.9228
47363.0 0.9228
47383.8 0.9229
47432.4 0.9230
47451.4 0.9231
47476.8 0.9232
47501.4 0.9232
47539.6 0.9233
47561.6 0.9234
47595.0 0.9234
47630.2 0.9235
47670.4 0.9236
47714.6 0.9237
47733.4 0.9238
47767.8 0.9238
47804.0 0.9239
47823.4 0.9240
47862.8 0.9241
47922.0 0.9241
47954.8 0.9242
47982.4 0.9242
48042.0 0.9244
48090.0 0.9245
48184.4 0.9245
48213.0 0.9246
48229.4 0.9247
48276.0 0.9248
48324.8 0.9249
48361.0 0.9250
48420.4 0.9250
48465.2 0.9251
48493.4 0.9252
48539.6 0.9252
48578.6 0.9253
48618.4 0.9254
48649.4 0.9255
48694.0 0.9255
48731.8 0.9257
48773.4 0.9258
48784.8 0.9258
48833.4 0.9260
48889.8 0.9261
48954.6 0.9261
48978.4 0.9262
49056.6 0.9262
49085.0 0.9264
49111.4 0.9265
49158.4 0.9266
49207.4 0.9267
49224.2 0.9267
49277.2 0.9268
49350.6 0.9269
49417.4 0.9271
49442.2 0.9272
49474.4 0.9273
49504.6 0.9273
49547.8 0.9274
49565.2 0.9275
49653.6 0.9276
49675.4 0.9277
49705.0 0.9278
49743.0 0.9279
49813.2 0.9280
49855.8 0.9280
49920.6 0.9281
49953.8 0.9283
50005.2 0.9284
50029.6 0.9284
50050.0 0.9285
50092.0 0.9286
50144.2 0.9286
50216.4 0.9287
50255.4 0.9289
50328.6 0.9289
50370.6 0.9290
50447.6 0.9291
50513.6 0.9293
50543.8 0.9293
50585.4 0.9294
50627.4 0.9295
50695.8 0.9295
50707.0 0.9296
50752.4 0.9296
50772.8 0.9297
50785.4 0.9298
50818.6 0.9299
50863.0 0.9300
50934.8 0.9301
51024.0 0.9301
51082.2 0.9303
51120.2 0.9303
51150.6 0.9304
51236.6 0.9305
51282.6 0.9306
51342.8 0.9306
51384.0 0.9308
51433.2 0.9308
51528.0 0.9309
51592.6 0.9310
51700.4 0.9311
51744.0 0.9312
51781.2 0.9312
51808.6 0.9313
51847.8 0.9314
51871.0 0.9315
51936.2 0.9316
51998.4 0.9317
52048.8 0.9317
52131.4 0.9318
52166.4 0.9319
52257.8 0.9321
52314.0 0.9321
52384.4 0.9322
52459.4 0.9323
52472.2 0.9324
52539.0 0.9324
52611.8 0.9325
52676.8 0.9326
52752.8 0.9327
52807.6 0.9328
52884.4 0.9329
52912.6 0.9330
52940.6 0.9331
52991.6 0.9332
53057.8 0.9333
53109.2 0.9334
53211.6 0.9335
53368.6 0.9336
53399.6 0.9337
53471.8 0.9338
53514.8 0.9338
53548.8 0.9339
53577.2 0.9340
53608.4 0.9340
53654.0 0.9341
53702.2 0.9342
53747.2 0.9343
53819.2 0.9344
53878.2 0.9346
53909.8 0.9346
53968.2 0.9347
53991.8 0.9348
54012.6 0.9348
54037.4 0.9350
54045.6 0.9351
54072.8 0.9351
54097.4 0.9353
54142.6 0.9354
54197.2 0.9356
54238.4 0.9356
54270.2 0.9357
54310.4 0.9358
54336.0 0.9358
54389.0 0.9359
54436.4 0.9360
54481.2 0.9360
54516.0 0.9361
54540.8 0.9362
54570.8 0.9363
54680.0 0.9364
54717.0 0.9365
54792.6 0.9366
54840.0 0.9366
54903.6 0.9367
54980.2 0.9368
55016.0 0.9369
55097.2 0.9370
55138.6 0.9370
55172.4 0.9371
55286.8 0.9372
55356.8 0.9373
55394.4 0.9373
55425.2 0.9374
55448.6 0.9375
55521.6 0.9375
55578.6 0.9377
55672.2 0.9377
55708.8 0.9378
55795.4 0.9379
55850.2 0.9380
55967.0 0.9380
55984.4 0.9381
56077.4 0.9382
56130.8 0.9383
56195.8 0.9384
56277.0 0.9384
56364.2 0.9385
56460.4 0.9386
56544.6 0.9387
56582.2 0.9388
56666.0 0.9388
56728.2 0.9389
56848.8 0.9390
56878.2 0.9391
56959.4 0.9391
57077.4 0.9392
57142.8 0.9393
57217.4 0.9393
57246.0 0.9395
57321.4 0.9395
57431.4 0.9396
57471.2 0.9397
57506.2 0.9397
57530.2 0.9399
57609.8 0.9400
57654.8 0.9400
57704.8 0.9401
57802.8 0.9402
57840.4 0.9403
57895.8 0.9404
57968.4 0.9404
57996.4 0.9406
58063.8 0.9406
58125.2 0.9407
58169.8 0.9408
58249.8 0.9409
58319.0 0.9410
58480.0 0.9411
58531.2 0.9412
58589.0 0.9413
58619.2 0.9413
58672.8 0.9414
58780.8 0.9415
58870.2 0.9415
58908.2 0.9416
58962.8 0.9417
59088.8 0.9418
59163.0 0.9419
59279.2 0.9421
59346.0 0.9422
59412.6 0.9422
59467.6 0.9423
59516.2 0.9424
59573.0 0.9425
59643.6 0.9426
59702.8 0.9427
59767.8 0.9428
59781.4 0.9428
59863.6 0.9429
59969.0 0.9430
60044.4 0.9430
60128.6 0.9431
60160.6 0.9432
60211.6 0.9432
60256.4 0.9433
60294.4 0.9434
60324.2 0.9434
60362.0 0.9436
60411.4 0.9441
60436.0 0.9442
60456.0 0.9443
60479.2 0.9443
60514.8 0.9444
60577.0 0.9445
60617.0 0.9447
60681.8 0.9447
60740.2 0.9448
60792.8 0.9449
60840.0 0.9450
60875.0 0.9451
60910.4 0.9452
60959.2 0.9452
61022.0 0.9453
61069.4 0.9454
61149.2 0.9454
61192.2 0.9455
61273.6 0.9456
61324.2 0.9457
61443.6 0.9457
61476.2 0.9459
61547.2 0.9460
61575.2 0.9460
61626.6 0.9461
61677.2 0.9462
61700.4 0.9462
61736.4 0.9464
61786.0 0.9464
61854.0 0.9465
61882.4 0.9466
61897.8 0.9466
61934.6 0.9467
61966.4 0.9468
62002.0 0.9469
62018.0 0.9470
62061.8 0.9471
62092.8 0.9471
62126.8 0.9472
62173.2 0.9473
62190.8 0.9474
62207.4 0.9474
62267.2 0.9476
62292.8 0.9476
62321.8 0.9477
62346.8 0.9478
62373.8 0.9478
62389.2 0.9479
62409.2 0.9481
62425.4 0.9481
62451.4 0.9482
62472.4 0.9483
62498.8 0.9483
62522.0 0.9484
62555.2 0.9485
62575.4 0.9488
62592.2 0.9489
62659.6 0.9489
62715.6 0.9490
62752.2 0.9491
62810.0 0.9492
62885.2 0.9493
62969.2 0.9493
63069.8 0.9494
63146.0 0.9495
63196.2 0.9496
63315.0 0.9497
63428.8 0.9498
63562.2 0.9499
63587.6 0.9500
63647.6 0.9500
63740.0 0.9502
63840.2 0.9502
63892.4 0.9503
63976.8 0.9504
63994.6 0.9504
64078.6 0.9505
64250.0 0.9506
64290.0 0.9507
64357.8 0.9508
64419.2 0.9509
64511.4 0.9510
64571.4 0.9511
64695.2 0.9511
64778.0 0.9512
64837.2 0.9513
64934.4 0.9514
65099.2 0.9515
65264.0 0.9516
65379.8 0.9517
65428.4 0.9518
65616.6 0.9518
65692.8 0.9519
65818.6 0.9520
65924.8 0.9521
66036.4 0.9522
66187.6 0.9523
66252.2 0.9524
66411.0 0.9525
66502.2 0.9525
66593.4 0.9526
66761.2 0.9527
66836.0 0.9527
67036.8 0.9528
67135.4 0.9529
67311.4 0.9530
67391.6 0.9531
67536.0 0.9532
67629.0 0.9533
67662.2 0.9534
67736.2 0.9535
67798.4 0.9535
67819.8 0.9536
67883.6 0.9537
67955.6 0.9538
68077.2 0.9538
68131.6 0.9539
68218.0 0.9540
68315.6 0.9541
68440.0 0.9541
68474.4 0.9542
68596.2 0.9543
68671.8 0.9544
68717.4 0.9544
68764.2 0.9545
68879.6 0.9546
68924.2 0.9546
69016.6 0.9547
69081.8 0.9548
69183.8 0.9548
69275.0 0.9549
69325.8 0.9550
69474.2 0.9551
69601.4 0.9552
69680.2 0.9553
69787.2 0.9553
69861.0 0.9554
69983.4 0.9555
70100.2 0.9556
70151.4 0.9557
70313.2 0.9557
70435.8 0.9558
70530.6 0.9559
70690.8 0.9559
70795.6 0.9561
70844.6 0.9562
70976.6 0.9563
71040.4 0.9564
71144.8 0.9564
71215.2 0.9565
71299.8 0.9566
71421.2 0.9567
71473.2 0.9567
71553.0 0.9569
71642.4 0.9569
71702.4 0.9570
71780.8 0.9571
71827.4 0.9571
71966.4 0.9572
72048.8 0.9573
72137.0 0.9574
72187.0 0.9574
72302.0 0.9575
72362.2 0.9576
72416.8 0.9576
72560.8 0.9577
72720.4 0.9578
72853.6 0.9579
72976.2 0.9579
73060.0 0.9580
73150.6 0.9581
73236.6 0.9581
73505.2 0.9582
73532.2 0.9583
73684.0 0.9584
73872.8 0.9585
73976.0 0.9585
74082.0 0.9586
74115.6 0.9587
74182.6 0.9588
74257.0 0.9588
74357.8 0.9589
74373.2 0.9590
74396.2 0.9591
74437.4 0.9592
74474.0 0.9592
74510.4 0.9593
74571.0 0.9594
74639.6 0.9595
74692.4 0.9596
74787.2 0.9596
75032.0 0.9597
75147.6 0.9598
75218.6 0.9599
75370.2 0.9600
75508.8 0.9600
75606.6 0.9601
75762.0 0.9602
75856.8 0.9602
75972.2 0.9603
76067.0 0.9604
76307.6 0.9605
76382.4 0.9605
76455.4 0.9606
76597.4 0.9607
76708.0 0.9607
76920.2 0.9608
77023.6 0.9609
77145.8 0.9610
77241.8 0.9611
77385.0 0.9611
77471.4 0.9612
77540.6 0.9613
77690.6 0.9613
77743.8 0.9614
77934.0 0.9615
77997.6 0.9615
78038.0 0.9616
78171.2 0.9617
78330.2 0.9617
78612.6 0.9618
78752.4 0.9619
78792.0 0.9619
78861.2 0.9620
79004.0 0.9621
79054.0 0.9621
79379.0 0.9622
79490.0 0.9623
79610.2 0.9624
79730.0 0.9624
79848.0 0.9625
79921.4 0.9626
80061.2 0.9626
80196.8 0.9627
80309.4 0.9628
80532.2 0.9628
80658.8 0.9629
80822.2 0.9631
81043.2 0.9632
81113.8 0.9633
81145.8 0.9634
81216.2 0.9635
81252.6 0.9635
81326.4 0.9636
81397.4 0.9637
81494.6 0.9638
81747.8 0.9639
81829.2 0.9639
81912.8 0.9640
81969.0 0.9641
82120.0 0.9641
82239.8 0.9642
82496.4 0.9643
82616.8 0.9644
82801.8 0.9644
83005.4 0.9645
83186.4 0.9646
83367.0 0.9646
83500.4 0.9647
83611.4 0.9648
83788.6 0.9648
83940.2 0.9649
84024.8 0.9650
84180.0 0.9651
84416.2 0.9651
84569.0 0.9652
84731.8 0.9653
84784.2 0.9653
84926.8 0.9654
85056.2 0.9655
85151.8 0.9656
85264.2 0.9656
85341.6 0.9657
85488.0 0.9658
85636.4 0.9658
85832.8 0.9659
86010.0 0.9660
86185.2 0.9660
86398.2 0.9661
86533.4 0.9662
86705.4 0.9663
86986.0 0.9663
87043.2 0.9664
87155.2 0.9665
87299.2 0.9665
87433.4 0.9666
87568.8 0.9667
87742.6 0.9668
87880.0 0.9669
88073.4 0.9670
88204.2 0.9670
88325.0 0.9671
88389.0 0.9672
88446.6 0.9673
88641.8 0.9673
88725.6 0.9674
88925.8 0.9674
89036.2 0.9675
89134.2 0.9676
89314.6 0.9676
89511.4 0.9677
89624.2 0.9678
89755.0 0.9678
89867.2 0.9679
89947.0 0.9680
89999.4 0.9680
90057.0 0.9682
90237.2 0.9682
90298.4 0.9683
90512.2 0.9684
90667.2 0.9684
90848.4 0.9685
90964.2 0.9686
91147.8 0.9687
91259.4 0.9687
91369.8 0.9688
91502.4 0.9688
91612.4 0.9689
91736.4 0.9690
91888.8 0.9691
92036.2 0.9691
92151.4 0.9692
92220.4 0.9693
92307.6 0.9694
92362.2 0.9694
92451.6 0.9695
92593.2 0.9696
92739.0 0.9696
92986.0 0.9697
93159.2 0.9698
93367.2 0.9698
93502.8 0.9699
93627.6 0.9700
93987.6 0.9700
94231.6 0.9701
94455.2 0.9702
94614.2 0.9703
94708.8 0.9704
94871.8 0.9705
94958.2 0.9705
95150.0 0.9706
95404.0 0.9707
95630.6 0.9708
95815.2 0.9708
95948.4 0.9709
96132.8 0.9710
96332.4 0.9711
96426.2 0.9711
96525.6 0.9712
96701.8 0.9713
96801.6 0.9714
96969.6 0.9714
97121.8 0.9715
97214.4 0.9716
97347.0 0.9716
97534.6 0.9717
97698.0 0.9717
97783.8 0.9718
97929.4 0.9719
98030.6 0.9719
98173.4 0.9720
98490.0 0.9721
98771.2 0.9722
98905.6 0.9722
99104.8 0.9723
99203.2 0.9724
99279.2 0.9724
99387.6 0.9725
99512.4 0.9726
99714.0 0.9726
99897.0 0.9727
100087.2 0.9728
100350.8 0.9729
100552.0 0.9729
100626.6 0.9730
100867.6 0.9731
101010.0 0.9731
101213.4 0.9732
101339.2 0.9733
101400.0 0.9734
101503.2 0.9735
101596.2 0.9735
101709.2 0.9736
101791.4 0.9736
101917.8 0.9737
102023.8 0.9738
102163.8 0.9738
102263.6 0.9739
102429.0 0.9740
102571.6 0.9740
102653.2 0.9741
102717.2 0.9742
102835.0 0.9742
102994.6 0.9743
103202.2 0.9744
103404.4 0.9744
103541.4 0.9745
103719.2 0.9746
103821.2 0.9747
103952.4 0.9747
104009.0 0.9748
104124.8 0.9749
104294.4 0.9749
104407.4 0.9750
104554.6 0.9751
104652.0 0.9751
104684.8 0.9752
104788.0 0.9753
104926.0 0.9754
105016.2 0.9754
105103.0 0.9755
105140.4 0.9756
105205.8 0.9756
105243.6 0.9757
105434.6 0.9758
105496.8 0.9758
105562.6 0.9759
105719.4 0.9759
105820.6 0.9760
105884.8 0.9761
105948.8 0.9761
106069.0 0.9762
106173.6 0.9763
106240.4 0.9764
106361.8 0.9764
106535.4 0.9765
106645.6 0.9766
106721.0 0.9766
106782.0 0.9767
106908.6 0.9768
107113.4 0.9768
107156.4 0.9769
107318.4 0.9770
107510.2 0.9770
107600.0 0.9771
107677.0 0.9772
107796.0 0.9773
108021.8 0.9774
108080.2 0.9774
108125.8 0.9775
108142.8 0.9776
108152.8 0.9777
108160.8 0.9784
108169.0 0.9787
108194.4 0.9788
108212.6 0.9789
108246.0 0.9790
108279.4 0.9791
108311.6 0.9792
108328.8 0.9792
108335.4 0.9793
108355.4 0.9794
108362.6 0.9795
108364.2 0.9796
108389.8 0.9797
108435.2 0.9797
108466.2 0.9798
108478.0 0.9799
108483.4 0.9800
108526.0 0.9800
108564.6 0.9801
108622.0 0.9802
108705.0 0.9803
108770.2 0.9804
108779.0 0.9806
108820.4 0.9806
108895.6 0.9807
108949.6 0.9808
109070.4 0.9808
109095.4 0.9809
109178.2 0.9810
109289.0 0.9811
109427.6 0.9811
109524.0 0.9812
109604.4 0.9813
109668.0 0.9813
109718.8 0.9814
109734.6 0.9815
109823.2 0.9816
109963.8 0.9816
110037.8 0.9817
110215.6 0.9818
110435.2 0.9818
110582.4 0.9819
110632.4 0.9820
110807.8 0.9820
110887.4 0.9821
111025.4 0.9822
111131.4 0.9823
111179.0 0.9823
111380.6 0.9824
111493.4 0.9825
111591.4 0.9825
111709.2 0.9826
111821.2 0.9827
112139.8 0.9827
112248.2 0.9828
112639.2 0.9829
112960.0 0.9829
113095.8 0.9830
113242.6 0.9831
113457.4 0.9831
113712.2 0.9832
113923.6 0.9833
114136.2 0.9834
114231.0 0.9834
114402.8 0.9835
114511.2 0.9836
114599.8 0.9836
114827.0 0.9837
114938.0 0.9838
114997.4 0.9838
115139.2 0.9839
115195.8 0.9840
115284.2 0.9840
115362.0 0.9841
115552.0 0.9842
115801.6 0.9842
115941.0 0.9843
116064.0 0.9844
116117.2 0.9845
116286.2 0.9845
116462.8 0.9846
116672.8 0.9847
116821.0 0.9847
116996.8 0.9848
117200.8 0.9849
117374.4 0.9849
117546.6 0.9850
117764.4 0.9851
117840.4 0.9852
118053.2 0.9852
118333.4 0.9853
118838.2 0.9853
119035.0 0.9855
119218.8 0.9856
119393.2 0.9857
119579.0 0.9858
119718.4 0.9858
119934.6 0.9859
120354.4 0.9859
120873.0 0.9860
121118.8 0.9861
121590.8 0.9862
121767.4 0.9862
121982.2 0.9863
122221.4 0.9863
122471.4 0.9864
122716.8 0.9865
122904.0 0.9866
123067.8 0.9866
123401.6 0.9867
123773.6 0.9868
124200.4 0.9868
124387.0 0.9869
124460.0 0.9870
124631.0 0.9870
124854.4 0.9871
125163.0 0.9872
125504.4 0.9873
125838.4 0.9873
126129.4 0.9874
126272.6 0.9875
126716.6 0.9875
127014.6 0.9876
127275.2 0.9877
127881.6 0.9877
128135.4 0.9878
128447.4 0.9878
128795.0 0.9879
129076.0 0.9880
129358.2 0.9880
129746.8 0.9881
129929.2 0.9882
130516.4 0.9882
131024.4 0.9883
131529.4 0.9884
131856.8 0.9884
132263.4 0.9885
132739.6 0.9886
133004.4 0.9886
133757.8 0.9887
134482.8 0.9888
134883.8 0.9888
135529.8 0.9889
135732.2 0.9890
136230.2 0.9890
136932.8 0.9891
137534.2 0.9892
138256.6 0.9892
139144.0 0.9893
140019.4 0.9894
140661.6 0.9894
141262.8 0.9895
141492.6 0.9896
142146.8 0.9896
142663.8 0.9897
143136.4 0.9898
143795.4 0.9898
144358.2 0.9899
145223.4 0.9900
145876.6 0.9900
146610.6 0.9901
147602.6 0.9902
148124.8 0.9902
148377.0 0.9903
148851.0 0.9903
149479.6 0.9904
149752.8 0.9905
150175.4 0.9905
150583.0 0.9906
151182.2 0.9907
151556.6 0.9907
152027.8 0.9908
152452.8 0.9909
153158.8 0.9909
153492.2 0.9910
154330.0 0.9911
155051.4 0.9911
155290.4 0.9912
155896.0 0.9913
156262.8 0.9913
156539.4 0.9914
157185.4 0.9915
157925.0 0.9915
158539.0 0.9916
159102.0 0.9917
159986.6 0.9917
160394.6 0.9918
160706.0 0.9919
161595.8 0.9919
161980.4 0.9920
162472.2 0.9921
162857.4 0.9922
163619.0 0.9922
164168.4 0.9923
165010.4 0.9923
165367.8 0.9924
165645.6 0.9925
166447.2 0.9925
167477.8 0.9926
167914.2 0.9927
168644.6 0.9927
169146.4 0.9928
169222.8 0.9929
169274.4 0.9929
169339.0 0.9930
169492.4 0.9931
169650.8 0.9931
169898.4 0.9932
170200.0 0.9933
170552.4 0.9933
170714.0 0.9934
170759.2 0.9935
170774.8 0.9936
170796.6 0.9936
170886.4 0.9937
171166.0 0.9938
171538.2 0.9938
172970.6 0.9939
173002.4 0.9940
173032.8 0.9940
173156.4 0.9941
173337.0 0.9942
173719.4 0.9942
174186.6 0.9943
174646.8 0.9944
175177.0 0.9944
175943.0 0.9945
176436.6 0.9945
177130.2 0.9946
178244.4 0.9947
179803.2 0.9947
180987.0 0.9948
181814.0 0.9949
182217.6 0.9949
182987.0 0.9950
183395.6 0.9951
184394.0 0.9951
184793.0 0.9952
185912.0 0.9953
186906.8 0.9953
188455.8 0.9954
189055.0 0.9955
189924.0 0.9955
190751.6 0.9956
191148.8 0.9957
191269.0 0.9957
191737.8 0.9958
192167.4 0.9959
192450.6 0.9959
192842.8 0.9960
193567.2 0.9961
194569.8 0.9962
196364.8 0.9962
196869.6 0.9963
197542.4 0.9964
198387.0 0.9964
200108.2 0.9965
201418.2 0.9966
202341.6 0.9966
203793.8 0.9967
204963.8 0.9968
206490.2 0.9968
206992.0 0.9969
208920.6 0.9970
209690.2 0.9970
211671.6 0.9971
212908.6 0.9971
214718.4 0.9972
216171.8 0.9973
218027.4 0.9974
218361.2 0.9974
219489.8 0.9975
220220.4 0.9976
221061.2 0.9976
222179.4 0.9977
225123.8 0.9978
226337.4 0.9978
227775.6 0.9979
229079.6 0.9980
231449.4 0.9980
234661.4 0.9981
238615.4 0.9982
240326.2 0.9982
243354.2 0.9983
246258.8 0.9984
248320.2 0.9984
250216.2 0.9985
254743.6 0.9986
257871.4 0.9986
260762.8 0.9987
264310.2 0.9988
268973.0 0.9988
272600.0 0.9989
277020.6 0.9990
280880.6 0.9990
284049.2 0.9991
294068.8 0.9992
300127.4 0.9992
306001.8 0.9993
308014.2 0.9993
318200.4 0.9994
332467.2 0.9995
341567.8 0.9995
359410.2 0.9996
368654.8 0.9997
394726.8 0.9997
417356.6 0.9998
445453.6 0.9999
486843.0 0.9999
592740.0 1.0000
