0.005000 0.10511762
0.005250 0.13946909
0.005500 0.15942060
0.005750 0.17867018
0.006000 0.21170290
0.006250 0.24721360
0.006500 0.26450632
0.006750 0.27801293
0.007000 0.29616710
0.007250 0.31620368
0.007500 0.34928957
0.007750 0.36602927
0.008000 0.37916365
0.008250 0.38841622
0.008500 0.40172076
0.008750 0.42704301
0.009000 0.44043264
0.009250 0.44765389
0.009500 0.45523674
0.009750 0.47169992
0.010000 0.50890160
0.010250 0.52287616
0.010500 0.52953376
0.010750 0.53526609
0.011000 0.54481644
0.011250 0.56298124
0.011500 0.57085124
0.011750 0.57606245
0.012000 0.58093334
0.012250 0.58885651
0.012500 0.60319267
0.012750 0.60921215
0.013000 0.61333858
0.013250 0.61747565
0.013500 0.62263368
0.013750 0.63041860
0.014000 0.63552346
0.014250 0.63911814
0.014500 0.64296805
0.014750 0.64829625
0.015000 0.65583656
0.015250 0.66042030
0.015500 0.66384481
0.015750 0.66695027
0.016000 0.67184243
0.016250 0.67850002
0.016500 0.68240311
0.016750 0.68523206
0.017000 0.68863530
0.017250 0.69309142
0.017500 0.70027013
0.017750 0.70406687
0.018000 0.70715106
0.018250 0.70992683
0.018500 0.71348960
0.018750 0.72028545
0.019000 0.72458204
0.019250 0.72711320
0.019500 0.72954865
0.019750 0.73408985
0.020000 0.74326796
0.020250 0.74829838
0.020500 0.75078700
0.020750 0.75293530
0.021000 0.75567916
0.021250 0.76031608
0.021500 0.76265580
0.021750 0.76444251
0.022000 0.76612286
0.022250 0.76839877
0.022500 0.77168503
0.022750 0.77380142
0.023000 0.77575828
0.023250 0.77702387
0.023500 0.77874676
0.023750 0.78088442
0.024000 0.78276684
0.024250 0.78412813
0.024500 0.78520228
0.024750 0.78711660
0.025000 0.78972221
0.025250 0.79132812
0.025500 0.79268941
0.025750 0.79395499
0.026000 0.79499723
0.026250 0.79657123
0.026500 0.79763475
0.026750 0.79849619
0.027000 0.79943208
0.027250 0.80043179
0.027500 0.80177181
0.027750 0.80283533
0.028000 0.80362233
0.028250 0.80440932
0.028500 0.80543030
0.028750 0.80643000
0.029000 0.80731272
0.029250 0.80804654
0.029500 0.80886544
0.029750 0.80970562
0.030000 0.81099247
0.030250 0.81198154
0.030500 0.81263028
0.030750 0.81340664
0.031000 0.81407666
0.031250 0.81510827
0.031500 0.81571447
0.031750 0.81628877
0.032000 0.81677798
0.032250 0.81749053
0.032500 0.81805420
0.032750 0.81869230
0.033000 0.81933041
0.033250 0.81990471
0.033500 0.82042583
0.033750 0.82104267
0.034000 0.82170205
0.034250 0.82222317
0.034500 0.82254222
0.034750 0.82313779
0.035000 0.82379717
0.035250 0.82448845
0.035500 0.82499894
0.035750 0.82559450
0.036000 0.82614753
0.036250 0.82662611
0.036500 0.82706215
0.036750 0.82746629
0.037000 0.82813630
0.037250 0.82863615
0.037500 0.82914664
0.037750 0.82962522
0.038000 0.83012507
0.038250 0.83051857
0.038500 0.83111414
0.038750 0.83185860
0.039000 0.83232654
0.039250 0.83286893
0.039500 0.83326243
0.039750 0.83374101
0.040000 0.83459182
0.040250 0.83521930
0.040500 0.83582550
0.040750 0.83628281
0.041000 0.83688901
0.041250 0.83753775
0.041500 0.83797380
0.041750 0.83834602
0.042000 0.83883524
0.042250 0.83931382
0.042500 0.83967542
0.042750 0.83997320
0.043000 0.84041987
0.043250 0.84072829
0.043500 0.84121751
0.043750 0.84166419
0.044000 0.84208959
0.044250 0.84238737
0.044500 0.84272770
0.044750 0.84295104
0.045000 0.84328072
0.045250 0.84359978
0.045500 0.84384439
0.045750 0.84420598
0.046000 0.84452504
0.046250 0.84486536
0.046500 0.84526949
0.046750 0.84542902
0.047000 0.84570553
0.047250 0.84607776
0.047500 0.84646063
0.047750 0.84673714
0.048000 0.84709874
0.048250 0.84740716
0.048500 0.84782193
0.048750 0.84820479
0.049000 0.84849194
0.049250 0.84872591
0.049500 0.84898115
0.049750 0.84937465
0.050000 0.84985324
0.050250 0.85016165
0.050500 0.85040626
0.050750 0.85070405
0.051000 0.85098056
0.051250 0.85132088
0.051500 0.85154422
0.051750 0.85187391
0.052000 0.85219296
0.052250 0.85250138
0.052500 0.85289488
0.052750 0.85312886
0.053000 0.85339473
0.053250 0.85367125
0.053500 0.85390522
0.053750 0.85414983
0.054000 0.85445825
0.054250 0.85475603
0.054500 0.85496873
0.054750 0.85517080
0.055000 0.85542604
0.055250 0.85562811
0.055500 0.85594716
0.055750 0.85624495
0.056000 0.85654273
0.056250 0.85682988
0.056500 0.85700004
0.056750 0.85724465
0.057000 0.85755307
0.057250 0.85777641
0.057500 0.85809546
0.057750 0.85835070
0.058000 0.85858468
0.058250 0.85890373
0.058500 0.85925469
0.058750 0.85944612
0.059000 0.85971200
0.059250 0.85992470
0.059500 0.86019058
0.059750 0.86045646
0.060000 0.86093504
0.060250 0.86122219
0.060500 0.86151997
0.060750 0.86176458
0.061000 0.86207300
0.061250 0.86244523
0.061500 0.86277492
0.061750 0.86299826
0.062000 0.86320032
0.062250 0.86347684
0.062500 0.86372144
0.062750 0.86391288
0.063000 0.86408304
0.063250 0.86428511
0.063500 0.86443400
0.063750 0.86468924
0.064000 0.86497639
0.064250 0.86522100
0.064500 0.86541243
0.064750 0.86562513
0.065000 0.86589101
0.065250 0.86619943
0.065500 0.86648658
0.065750 0.86672055
0.066000 0.86708215
0.066250 0.86729485
0.066500 0.86757136
0.066750 0.86783724
0.067000 0.86815629
0.067250 0.86836900
0.067500 0.86859233
0.067750 0.86880504
0.068000 0.86911346
0.068250 0.86926235
0.068500 0.86953886
0.068750 0.86975156
0.069000 0.87004935
0.069250 0.87036840
0.069500 0.87060237
0.069750 0.87094270
0.070000 0.87132556
0.070250 0.87165525
0.070500 0.87182541
0.070750 0.87203812
0.071000 0.87244225
0.071250 0.87281448
0.071500 0.87302718
0.071750 0.87339941
0.072000 0.87373974
0.072250 0.87409070
0.072500 0.87436721
0.072750 0.87465436
0.073000 0.87499468
0.073250 0.87523929
0.073500 0.87546263
0.073750 0.87581359
0.074000 0.87622836
0.074250 0.87657932
0.074500 0.87679202
0.074750 0.87711107
0.075000 0.87744076
0.075250 0.87768537
0.075500 0.87787680
0.075750 0.87819586
0.076000 0.87855745
0.076250 0.87885523
0.076500 0.87915302
0.076750 0.87950398
0.077000 0.87987621
0.077250 0.88013145
0.077500 0.88037606
0.077750 0.88065257
0.078000 0.88103544
0.078250 0.88130131
0.078500 0.88156719
0.078750 0.88186498
0.079000 0.88216276
0.079250 0.88243927
0.079500 0.88256689
0.079750 0.88282214
0.080000 0.88337516
0.080250 0.88366231
0.080500 0.88384311
0.080750 0.88409835
0.081000 0.88424725
0.081250 0.88453439
0.081500 0.88471519
0.081750 0.88501297
0.082000 0.88519377
0.082250 0.88537457
0.082500 0.88556600
0.082750 0.88571489
0.083000 0.88592760
0.083250 0.88610839
0.083500 0.88629983
0.083750 0.88650189
0.084000 0.88666142
0.084250 0.88685285
0.084500 0.88703365
0.084750 0.88717191
0.085000 0.88725699
0.085250 0.88741651
0.085500 0.88755477
0.085750 0.88775684
0.086000 0.88794827
0.086250 0.88815034
0.086500 0.88834177
0.086750 0.88857574
0.087000 0.88878845
0.087250 0.88893734
0.087500 0.88905432
0.087750 0.88923512
0.088000 0.88939465
0.088250 0.88952227
0.088500 0.88960735
0.088750 0.88988386
0.089000 0.89007530
0.089250 0.89025609
0.089500 0.89038372
0.089750 0.89059642
0.090000 0.89077722
0.090250 0.89089420
0.090500 0.89105373
0.090750 0.89122389
0.091000 0.89131961
0.091250 0.89142596
0.091500 0.89155358
0.091750 0.89173438
0.092000 0.89194708
0.092250 0.89204280
0.092500 0.89217042
0.092750 0.89227677
0.093000 0.89237248
0.093250 0.89246820
0.093500 0.89255328
0.093750 0.89272344
0.094000 0.89285107
0.094250 0.89295742
0.094500 0.89309567
0.094750 0.89324457
0.095000 0.89337219
0.095250 0.89343600
0.095500 0.89356362
0.095750 0.89370188
0.096000 0.89389331
0.096250 0.89399966
0.096500 0.89415919
0.096750 0.89427617
0.097000 0.89441443
0.097250 0.89456332
0.097500 0.89463777
0.097750 0.89477602
0.098000 0.89496746
0.098250 0.89509508
0.098500 0.89522270
0.098750 0.89541413
0.099000 0.89556302
0.099250 0.89560556
0.099500 0.89571192
0.099750 0.89588208
0.100000 0.89608415
0.100250 0.89617986
0.100500 0.89630748
0.100750 0.89648828
0.101000 0.89661590
0.101250 0.89676479
0.101500 0.89682860
0.101750 0.89690305
0.102000 0.89702004
0.102250 0.89720083
0.102500 0.89737100
0.102750 0.89749862
0.103000 0.89761560
0.103250 0.89774323
0.103500 0.89782831
0.103750 0.89795593
0.104000 0.89811545
0.104250 0.89817927
0.104500 0.89829625
0.104750 0.89842387
0.105000 0.89853023
0.105250 0.89865785
0.105500 0.89874293
0.105750 0.89881737
0.106000 0.89890245
0.106250 0.89898754
0.106500 0.89910452
0.106750 0.89920024
0.107000 0.89926405
0.107250 0.89938104
0.107500 0.89945548
0.107750 0.89951929
0.108000 0.89959374
0.108250 0.89970009
0.108500 0.89975326
0.108750 0.89985962
0.109000 0.90000851
0.109250 0.90010422
0.109500 0.90018931
0.109750 0.90031693
0.110000 0.90040201
0.110250 0.90056153
0.110500 0.90069979
0.110750 0.90079551
0.111000 0.90088059
0.111250 0.90099758
0.111500 0.90111456
0.111750 0.90124218
0.112000 0.90136980
0.112250 0.90141235
0.112500 0.90151870
0.112750 0.90161441
0.113000 0.90168886
0.113250 0.90178457
0.113500 0.90186966
0.113750 0.90195474
0.114000 0.90209299
0.114250 0.90217807
0.114500 0.90225252
0.114750 0.90233760
0.115000 0.90245459
0.115250 0.90253967
0.115500 0.90269920
0.115750 0.90278428
0.116000 0.90289063
0.116250 0.90300761
0.116500 0.90303952
0.116750 0.90308206
0.117000 0.90317778
0.117250 0.90326286
0.117500 0.90334794
0.117750 0.90344366
0.118000 0.90358191
0.118250 0.90363509
0.118500 0.90370953
0.118750 0.90378398
0.119000 0.90386906
0.119250 0.90399668
0.119500 0.90407113
0.119750 0.90424129
0.120000 0.90446463
0.120250 0.90457098
0.120500 0.90467733
0.120750 0.90475178
0.121000 0.90484749
0.121250 0.90496448
0.121500 0.90512401
0.121750 0.90523036
0.122000 0.90529417
0.122250 0.90535798
0.122500 0.90548560
0.122750 0.90559195
0.123000 0.90571957
0.123250 0.90586846
0.123500 0.90594291
0.123750 0.90601736
0.124000 0.90609180
0.124250 0.90618752
0.124500 0.90628323
0.124750 0.90638959
0.125000 0.90645340
0.125250 0.90652784
0.125500 0.90658102
0.125750 0.90666610
0.126000 0.90669800
0.126250 0.90672991
0.126500 0.90681499
0.126750 0.90694261
0.127000 0.90702769
0.127250 0.90710214
0.127500 0.90718722
0.127750 0.90733611
0.128000 0.90746373
0.128250 0.90755945
0.128500 0.90766580
0.128750 0.90775088
0.129000 0.90785723
0.129250 0.90794232
0.129500 0.90803803
0.129750 0.90811248
0.130000 0.90818692
0.130250 0.90827200
0.130500 0.90832518
0.130750 0.90837836
0.131000 0.90851661
0.131250 0.90860169
0.131500 0.90865487
0.131750 0.90872931
0.132000 0.90881440
0.132250 0.90888884
0.132500 0.90900583
0.132750 0.90905900
0.133000 0.90913345
0.133250 0.90919726
0.133500 0.90929298
0.133750 0.90938869
0.134000 0.90949504
0.134250 0.90960140
0.134500 0.90969711
0.134750 0.90980346
0.135000 0.90987791
0.135250 0.90996299
0.135500 0.91002680
0.135750 0.91011188
0.136000 0.91025014
0.136250 0.91032458
0.136500 0.91039903
0.136750 0.91047348
0.137000 0.91053729
0.137250 0.91062237
0.137500 0.91070745
0.137750 0.91083507
0.138000 0.91090952
0.138250 0.91099460
0.138500 0.91107968
0.138750 0.91115412
0.139000 0.91122857
0.139250 0.91131365
0.139500 0.91146254
0.139750 0.91155826
0.140000 0.91168588
0.140250 0.91183477
0.140500 0.91188795
0.140750 0.91193049
0.141000 0.91203684
0.141250 0.91210065
0.141500 0.91213256
0.141750 0.91218573
0.142000 0.91231335
0.142250 0.91236653
0.142500 0.91241970
0.142750 0.91248352
0.143000 0.91258987
0.143250 0.91270685
0.143500 0.91283447
0.143750 0.91289829
0.144000 0.91305781
0.144250 0.91314289
0.144500 0.91322797
0.144750 0.91338750
0.145000 0.91349385
0.145250 0.91352576
0.145500 0.91365338
0.145750 0.91374910
0.146000 0.91388735
0.146250 0.91396180
0.146500 0.91407879
0.146750 0.91420641
0.147000 0.91421704
0.147250 0.91430212
0.147500 0.91433403
0.147750 0.91440847
0.148000 0.91456800
0.148250 0.91463181
0.148500 0.91470626
0.148750 0.91479134
0.149000 0.91484451
0.149250 0.91489769
0.149500 0.91495087
0.149750 0.91504658
0.150000 0.91514230
0.150250 0.91521674
0.150500 0.91524865
0.150750 0.91535500
0.151000 0.91542945
0.151250 0.91550389
0.151500 0.91564215
0.151750 0.91569532
0.152000 0.91578041
0.152250 0.91582295
0.152500 0.91588676
0.152750 0.91600374
0.153000 0.91609946
0.153250 0.91613137
0.153500 0.91617391
0.153750 0.91623772
0.154000 0.91630153
0.154250 0.91633343
0.154500 0.91642915
0.154750 0.91648232
0.155000 0.91655677
0.155250 0.91662058
0.155500 0.91671630
0.155750 0.91680138
0.156000 0.91688646
0.156250 0.91692900
0.156500 0.91698218
0.156750 0.91701408
0.157000 0.91703535
0.157250 0.91706726
0.157500 0.91707789
0.157750 0.91710980
0.158000 0.91718424
0.158250 0.91726932
0.158500 0.91733313
0.158750 0.91737568
0.159000 0.91743949
0.159250 0.91752457
0.159500 0.91765219
0.159750 0.91775854
0.160000 0.91783299
0.160250 0.91794997
0.160500 0.91799251
0.160750 0.91807759
0.161000 0.91810950
0.161250 0.91818395
0.161500 0.91824776
0.161750 0.91829030
0.162000 0.91841792
0.162250 0.91852427
0.162500 0.91860935
0.162750 0.91866253
0.163000 0.91869443
0.163250 0.91875824
0.163500 0.91883269
0.163750 0.91885396
0.164000 0.91892840
0.164250 0.91898158
0.164500 0.91909857
0.164750 0.91920492
0.165000 0.91929000
0.165250 0.91931127
0.165500 0.91936444
0.165750 0.91942826
0.166000 0.91949207
0.166250 0.91958778
0.166500 0.91963032
0.166750 0.91966223
0.167000 0.91969413
0.167250 0.91975794
0.167500 0.91983239
0.167750 0.91985366
0.168000 0.91990684
0.168250 0.92001319
0.168500 0.92011954
0.168750 0.92018335
0.169000 0.92025780
0.169250 0.92035351
0.169500 0.92043859
0.169750 0.92051304
0.170000 0.92064066
0.170250 0.92070447
0.170500 0.92073638
0.170750 0.92080019
0.171000 0.92087463
0.171250 0.92094908
0.171500 0.92107670
0.171750 0.92115115
0.172000 0.92122559
0.172250 0.92127877
0.172500 0.92135321
0.172750 0.92140639
0.173000 0.92144893
0.173250 0.92151274
0.173500 0.92155528
0.173750 0.92159782
0.174000 0.92167227
0.174250 0.92169354
0.174500 0.92172544
0.174750 0.92174671
0.175000 0.92183179
0.175250 0.92192751
0.175500 0.92201259
0.175750 0.92208704
0.176000 0.92218275
0.176250 0.92225720
0.176500 0.92232101
0.176750 0.92236355
0.177000 0.92243800
0.177250 0.92256562
0.177500 0.92262943
0.177750 0.92268261
0.178000 0.92278896
0.178250 0.92279959
0.178500 0.92288467
0.178750 0.92295912
0.179000 0.92300166
0.179250 0.92302293
0.179500 0.92315055
0.179750 0.92322500
0.180000 0.92326754
0.180250 0.92329944
0.180500 0.92334198
0.180750 0.92340579
0.181000 0.92343770
0.181250 0.92349088
0.181500 0.92352278
0.181750 0.92355469
0.182000 0.92362913
0.182250 0.92369294
0.182500 0.92379929
0.182750 0.92384183
0.183000 0.92389501
0.183250 0.92398009
0.183500 0.92404390
0.183750 0.92410771
0.184000 0.92420343
0.184250 0.92424597
0.184500 0.92427787
0.184750 0.92440550
0.185000 0.92445867
0.185250 0.92456502
0.185500 0.92460756
0.185750 0.92472455
0.186000 0.92475646
0.186250 0.92476709
0.186500 0.92482027
0.186750 0.92486281
0.187000 0.92493725
0.187250 0.92499043
0.187500 0.92503297
0.187750 0.92505424
0.188000 0.92511805
0.188250 0.92518186
0.188500 0.92525631
0.188750 0.92532012
0.189000 0.92538393
0.189250 0.92544774
0.189500 0.92550091
0.189750 0.92554346
0.190000 0.92558600
0.190250 0.92567108
0.190500 0.92569235
0.190750 0.92570298
0.191000 0.92576679
0.191250 0.92580933
0.191500 0.92586251
0.191750 0.92592632
0.192000 0.92601140
0.192250 0.92605394
0.192500 0.92613902
0.192750 0.92622410
0.193000 0.92627728
0.193250 0.92630918
0.193500 0.92638363
0.193750 0.92641554
0.194000 0.92650062
0.194250 0.92660697
0.194500 0.92667078
0.194750 0.92673459
0.195000 0.92678777
0.195250 0.92685158
0.195500 0.92688348
0.195750 0.92692602
0.196000 0.92700047
0.196250 0.92708555
0.196500 0.92713872
0.196750 0.92720254
0.197000 0.92723444
0.197250 0.92730889
0.197500 0.92736206
0.197750 0.92741524
0.198000 0.92746841
0.198250 0.92755349
0.198500 0.92759604
0.198750 0.92765985
0.199000 0.92771302
0.199250 0.92780874
0.199500 0.92788318
0.199750 0.92795763
0.200000 0.92808525
0.200250 0.92815970
0.200500 0.92826605
0.200750 0.92831922
0.201000 0.92841494
0.201250 0.92845748
0.201500 0.92850002
0.201750 0.92857447
0.202000 0.92862764
0.202250 0.92868082
0.202500 0.92878717
0.202750 0.92884035
0.203000 0.92887225
0.203250 0.92892543
0.203500 0.92901051
0.203750 0.92909559
0.204000 0.92912749
0.204250 0.92918067
0.204500 0.92923385
0.204750 0.92928702
0.205000 0.92930829
0.205250 0.92935083
0.205500 0.92939337
0.205750 0.92945718
0.206000 0.92951036
0.206250 0.92957417
0.206500 0.92964862
0.206750 0.92965925
0.207000 0.92971243
0.207250 0.92977624
0.207500 0.92988259
0.207750 0.92994640
0.208000 0.93005275
0.208250 0.93013783
0.208500 0.93026545
0.208750 0.93035053
0.209000 0.93045689
0.209250 0.93052070
0.209500 0.93065895
0.209750 0.93071213
0.210000 0.93087166
0.210250 0.93094610
0.210500 0.93103118
0.210750 0.93108436
0.211000 0.93113753
0.211250 0.93125452
0.211500 0.93130770
0.211750 0.93135024
0.212000 0.93138214
0.212250 0.93142468
0.212500 0.93146722
0.212750 0.93150976
0.213000 0.93158421
0.213250 0.93169056
0.213500 0.93173310
0.213750 0.93180755
0.214000 0.93187136
0.214250 0.93197771
0.214500 0.93203088
0.214750 0.93208406
0.215000 0.93213724
0.215250 0.93219041
0.215500 0.93221168
0.215750 0.93225422
0.216000 0.93234994
0.216250 0.93242438
0.216500 0.93247756
0.216750 0.93252010
0.217000 0.93261582
0.217250 0.93265836
0.217500 0.93267963
0.217750 0.93278598
0.218000 0.93282852
0.218250 0.93284979
0.218500 0.93297741
0.218750 0.93303059
0.219000 0.93309440
0.219250 0.93321138
0.219500 0.93327519
0.219750 0.93330710
0.220000 0.93345599
0.220250 0.93353044
0.220500 0.93361552
0.220750 0.93364742
0.221000 0.93365806
0.221250 0.93373251
0.221500 0.93381759
0.221750 0.93384949
0.222000 0.93389203
0.222250 0.93393457
0.222500 0.93397711
0.222750 0.93399838
0.223000 0.93404092
0.223250 0.93409410
0.223500 0.93421109
0.223750 0.93431744
0.224000 0.93440252
0.224250 0.93443442
0.224500 0.93449823
0.224750 0.93454078
0.225000 0.93456205
0.225250 0.93459395
0.225500 0.93463649
0.225750 0.93468967
0.226000 0.93473221
0.226250 0.93476411
0.226500 0.93483856
0.226750 0.93490237
0.227000 0.93497682
0.227250 0.93510444
0.227500 0.93515761
0.227750 0.93520015
0.228000 0.93524269
0.228250 0.93527460
0.228500 0.93532777
0.228750 0.93534904
0.229000 0.93539159
0.229250 0.93546603
0.229750 0.93551921
0.230000 0.93557238
0.230250 0.93565746
0.230500 0.93572127
0.230750 0.93578509
0.231000 0.93583826
0.231250 0.93587017
0.231500 0.93591271
0.231750 0.93592334
0.232000 0.93597652
0.232250 0.93602969
0.232500 0.93611477
0.232750 0.93615731
0.233000 0.93622113
0.233250 0.93627430
0.233500 0.93633811
0.233750 0.93639129
0.234000 0.93643383
0.234250 0.93649764
0.234500 0.93657208
0.234750 0.93660399
0.235000 0.93666780
0.235250 0.93669971
0.235500 0.93672098
0.235750 0.93674225
0.236000 0.93680606
0.236250 0.93684860
0.236500 0.93686987
0.236750 0.93693368
0.237250 0.93698685
0.237500 0.93705067
0.237750 0.93713575
0.238000 0.93719956
0.238250 0.93724210
0.238500 0.93730591
0.238750 0.93733781
0.239000 0.93739099
0.239250 0.93747607
0.239500 0.93762496
0.239750 0.93771004
0.240000 0.93789084
0.240250 0.93798656
0.240500 0.93806100
0.240750 0.93811418
0.241000 0.93820989
0.241250 0.93825244
0.241500 0.93832688
0.241750 0.93834815
0.242000 0.93839069
0.242250 0.93843323
0.242500 0.93848641
0.242750 0.93855022
0.243000 0.93860339
0.243250 0.93865657
0.243500 0.93870975
0.243750 0.93876292
0.244000 0.93884800
0.244250 0.93889054
0.244500 0.93891181
0.244750 0.93897562
0.245000 0.93905007
0.245250 0.93910325
0.245500 0.93911388
0.245750 0.93922023
0.246000 0.93925214
0.246250 0.93930531
0.246500 0.93936912
0.246750 0.93941166
0.247000 0.93947548
0.247250 0.93953929
0.247500 0.93960310
0.247750 0.93968818
0.248000 0.93977326
0.248250 0.93980516
0.248500 0.93984770
0.248750 0.93991152
0.249000 0.93995406
0.249250 0.94003914
0.249500 0.94008168
0.249750 0.94012422
0.250000 0.94030502
0.250250 0.94039010
0.250500 0.94041137
0.250750 0.94046454
0.251000 0.94050708
0.251250 0.94065597
0.251500 0.94070915
0.251750 0.94077296
0.252000 0.94079423
0.252250 0.94086868
0.252500 0.94091122
0.252750 0.94095376
0.253000 0.94100693
0.253250 0.94104947
0.253500 0.94107074
0.253750 0.94110265
0.254000 0.94114519
0.254500 0.94118773
0.254750 0.94121964
0.255000 0.94128345
0.255250 0.94134726
0.255500 0.94138980
0.255750 0.94145361
0.256000 0.94150679
0.256250 0.94152806
0.256500 0.94153869
0.256750 0.94157060
0.257000 0.94162377
0.257250 0.94168758
0.257500 0.94176203
0.257750 0.94181520
0.258000 0.94182584
0.258250 0.94192156
0.258500 0.94194283
0.258750 0.94200664
0.259000 0.94207045
0.259250 0.94212362
0.259500 0.94218743
0.259750 0.94231506
0.260000 0.94253839
0.260250 0.94270855
0.260500 0.94278300
0.260750 0.94286808
0.261250 0.94296380
0.261500 0.94299570
0.261750 0.94303824
0.262000 0.94313396
0.262250 0.94316587
0.262500 0.94320841
0.262750 0.94322968
0.263000 0.94326158
0.263250 0.94327222
0.263500 0.94331476
0.263750 0.94352746
0.264000 0.94362318
0.264250 0.94367635
0.264500 0.94368699
0.264750 0.94378270
0.265000 0.94397414
0.265250 0.94404858
0.265500 0.94410176
0.265750 0.94412303
0.266000 0.94421874
0.266250 0.94446335
0.266500 0.94450589
0.266750 0.94455907
0.267000 0.94460161
0.267250 0.94467605
0.267500 0.94492066
0.267750 0.94505892
0.268000 0.94511209
0.268250 0.94516527
0.268500 0.94523972
0.268750 0.94545242
0.269000 0.94558004
0.269250 0.94563322
0.269500 0.94566512
0.269750 0.94590973
0.270000 0.94657974
0.270250 0.94683499
0.270500 0.94687753
0.270750 0.94690943
0.271000 0.94703705
0.271250 0.94743055
0.271500 0.94756881
0.271750 0.94762198
0.272000 0.94766453
0.272250 0.94776024
0.272500 0.94803676
0.272750 0.94814311
0.273000 0.94818565
0.273250 0.94821755
0.273500 0.94827073
0.273750 0.94847280
0.274000 0.94851534
0.274250 0.94855788
0.274500 0.94858978
0.274750 0.94866423
0.275000 0.94874931
0.275250 0.94882375
0.275750 0.94884502
0.276000 0.94886630
0.276250 0.94891947
0.276500 0.94894074
0.276750 0.94897265
0.277000 0.94900455
0.277250 0.94905773
0.277500 0.94911090
0.277750 0.94914281
0.278000 0.94916408
0.278250 0.94919598
0.278500 0.94921725
0.278750 0.94933424
0.279000 0.94934488
0.279250 0.94938742
0.279500 0.94939805
0.279750 0.94947250
0.280000 0.94963202
0.280250 0.94968520
0.280500 0.94972774
0.280750 0.94974901
0.281000 0.94979155
0.281250 0.94984473
0.281500 0.94987663
0.281750 0.94992981
0.282000 0.94996171
0.282250 0.94998298
0.282500 0.95006806
0.282750 0.95009997
0.283000 0.95011061
0.283250 0.95016378
0.283500 0.95019569
0.283750 0.95024886
0.284000 0.95030204
0.284250 0.95033394
0.284500 0.95034458
0.284750 0.95035521
0.285000 0.95036585
0.285250 0.95044029
0.285500 0.95048283
0.286000 0.95053601
0.286250 0.95054665
0.286500 0.95056792
0.286750 0.95057855
0.287000 0.95062109
0.287250 0.95064236
0.287500 0.95069554
0.287750 0.95074871
0.288000 0.95085506
0.288250 0.95098269
0.288750 0.95101459
0.289000 0.95105713
0.289250 0.95106777
0.289500 0.95112094
0.289750 0.95115285
0.290000 0.95117412
0.290250 0.95119539
0.290500 0.95122729
0.290750 0.95123793
0.291250 0.95126983
0.291500 0.95128047
0.291750 0.95135492
0.292000 0.95140809
0.292250 0.95141873
0.292500 0.95144000
0.292750 0.95147190
0.293000 0.95149317
0.293250 0.95153571
0.293500 0.95156762
0.293750 0.95161016
0.294000 0.95163143
0.294250 0.95165270
0.294500 0.95167397
0.294750 0.95170587
0.295000 0.95174842
0.295250 0.95175905
0.295500 0.95176969
0.295750 0.95181223
0.296000 0.95183350
0.296250 0.95187604
0.296500 0.95188667
0.296750 0.95192921
0.297000 0.95193985
0.297250 0.95199302
0.297500 0.95203556
0.297750 0.95205683
0.298000 0.95211001
0.298250 0.95219509
0.298500 0.95221636
0.298750 0.95226954
0.299000 0.95232271
0.299250 0.95239716
0.299500 0.95240779
0.299750 0.95242906
0.300000 0.95249287
0.300250 0.95250351
0.300500 0.95254605
0.300750 0.95258859
0.301000 0.95264177
0.301250 0.95265240
0.301500 0.95266304
0.301750 0.95269494
0.302250 0.95273748
0.302500 0.95274812
0.302750 0.95275875
0.303000 0.95278002
0.303250 0.95281193
0.303750 0.95287574
0.304000 0.95290764
0.304250 0.95291828
0.304500 0.95292891
0.304750 0.95296082
0.305000 0.95305654
0.305250 0.95308844
0.305500 0.95312035
0.305750 0.95316289
0.306000 0.95317352
0.306250 0.95320543
0.306500 0.95322670
0.307000 0.95324797
0.307250 0.95326924
0.307750 0.95329051
0.308000 0.95332241
0.308250 0.95333305
0.308500 0.95334368
0.308750 0.95336496
0.309000 0.95339686
0.309250 0.95345004
0.309500 0.95347131
0.309750 0.95352448
0.310000 0.95355639
0.310250 0.95359893
0.310500 0.95364147
0.311000 0.95367337
0.311250 0.95370528
0.311500 0.95374782
0.311750 0.95377973
0.312000 0.95383290
0.312250 0.95387544
0.312500 0.95390735
0.312750 0.95393925
0.313000 0.95394989
0.313250 0.95397116
0.313500 0.95401370
0.313750 0.95404560
0.314000 0.95407751
0.314250 0.95409878
0.314500 0.95410941
0.314750 0.95416259
0.315250 0.95418386
0.315500 0.95420513
0.315750 0.95424767
0.316000 0.95425831
0.316250 0.95426894
0.316500 0.95432212
0.316750 0.95433275
0.317000 0.95436466
0.317250 0.95438593
0.317500 0.95439656
0.317750 0.95440720
0.318000 0.95441783
0.318250 0.95443910
0.318500 0.95446037
0.318750 0.95447101
0.319000 0.95449228
0.319250 0.95451355
0.319500 0.95452418
0.319750 0.95454545
0.320000 0.95460927
0.320250 0.95464117
0.320500 0.95466244
0.320750 0.95471562
0.321000 0.95479006
0.321250 0.95484324
0.321500 0.95486451
0.321750 0.95488578
0.322000 0.95489641
0.322250 0.95490705
0.322500 0.95492832
0.322750 0.95496022
0.323000 0.95500277
0.323250 0.95502404
0.323750 0.95504531
0.324000 0.95506658
0.324250 0.95507721
0.324500 0.95511975
0.325250 0.95513039
0.325500 0.95516229
0.325750 0.95517293
0.326000 0.95522610
0.326250 0.95527928
0.326500 0.95533245
0.326750 0.95535372
0.327000 0.95536436
0.327250 0.95538563
0.327500 0.95542817
0.327750 0.95548135
0.328000 0.95549198
0.328250 0.95551325
0.328500 0.95552389
0.328750 0.95554516
0.329000 0.95558770
0.329500 0.95561960
0.329750 0.95566214
0.330000 0.95568341
0.330250 0.95570468
0.330500 0.95573659
0.330750 0.95577913
0.331500 0.95578976
0.331750 0.95582167
0.332000 0.95587485
0.332250 0.95590675
0.332500 0.95594929
0.332750 0.95597056
0.333250 0.95600247
0.333500 0.95602374
0.333750 0.95603437
0.334000 0.95606628
0.334250 0.95609818
0.334500 0.95611945
0.334750 0.95614072
0.335250 0.95616199
0.335750 0.95619390
0.336250 0.95621517
0.336500 0.95623644
0.336750 0.95625771
0.337000 0.95627898
0.337250 0.95628962
0.337500 0.95630025
0.337750 0.95632152
0.338000 0.95635343
0.338250 0.95636406
0.338500 0.95639597
0.338750 0.95645978
0.339000 0.95647041
0.339250 0.95649168
0.339500 0.95650232
0.339750 0.95653422
0.340250 0.95654486
0.340500 0.95657676
0.340750 0.95660867
0.341250 0.95662994
0.341500 0.95665121
0.341750 0.95666185
0.342000 0.95670439
0.342250 0.95671502
0.342500 0.95676820
0.342750 0.95682137
0.343000 0.95684264
0.343500 0.95690645
0.343750 0.95693836
0.344000 0.95697026
0.344250 0.95698090
0.344500 0.95699153
0.344750 0.95700217
0.345000 0.95704471
0.345250 0.95705535
0.345500 0.95706598
0.345750 0.95711916
0.346000 0.95712979
0.346250 0.95717233
0.346500 0.95719360
0.346750 0.95720424
0.347000 0.95721487
0.347250 0.95723614
0.347500 0.95724678
0.347750 0.95726805
0.348250 0.95728932
0.348500 0.95729995
0.348750 0.95733186
0.349000 0.95737440
0.349250 0.95738503
0.350250 0.95741694
0.350500 0.95743821
0.351000 0.95745948
0.351250 0.95749139
0.351500 0.95752329
0.351750 0.95755520
0.352000 0.95756583
0.352250 0.95758710
0.352500 0.95761901
0.352750 0.95765091
0.353250 0.95770409
0.353500 0.95772536
0.353750 0.95773599
0.354000 0.95774663
0.354250 0.95776790
0.355000 0.95781044
0.355500 0.95782107
0.355750 0.95783171
0.356000 0.95784234
0.356250 0.95785298
0.356500 0.95786362
0.356750 0.95788489
0.357250 0.95791679
0.357500 0.95793806
0.357750 0.95796997
0.358250 0.95799124
0.358500 0.95800187
0.358750 0.95803378
0.359000 0.95805505
0.359250 0.95806568
0.359500 0.95811886
0.359750 0.95815076
0.360000 0.95817203
0.360250 0.95820394
0.360500 0.95823584
0.360750 0.95825711
0.361000 0.95828902
0.361250 0.95829966
0.361500 0.95832093
0.362250 0.95834220
0.362500 0.95835283
0.362750 0.95839537
0.363000 0.95840601
0.363250 0.95842728
0.363750 0.95848045
0.364000 0.95849109
0.364250 0.95852299
0.364500 0.95853363
0.364750 0.95855490
0.365000 0.95857617
0.365250 0.95858680
0.365750 0.95859744
0.366000 0.95861871
0.366250 0.95865061
0.366750 0.95867188
0.367000 0.95868252
0.367250 0.95871443
0.367500 0.95872506
0.367750 0.95874633
0.368000 0.95876760
0.368250 0.95879951
0.368500 0.95882078
0.368750 0.95884205
0.369000 0.95888459
0.369750 0.95890586
0.370000 0.95893776
0.370250 0.95895903
0.370500 0.95896967
0.370750 0.95899094
0.371000 0.95900157
0.371250 0.95901221
0.371500 0.95902284
0.371750 0.95906538
0.372000 0.95908666
0.372250 0.95909729
0.372500 0.95910793
0.373500 0.95913983
0.373750 0.95915047
0.374000 0.95916110
0.374250 0.95917174
0.374500 0.95920364
0.374750 0.95924618
0.375000 0.95927809
0.375250 0.95933126
0.375500 0.95935253
0.375750 0.95936317
0.376000 0.95938444
0.376250 0.95940571
0.376500 0.95941634
0.377000 0.95942698
0.377250 0.95946952
0.377500 0.95949079
0.377750 0.95950143
0.378000 0.95951206
0.378250 0.95955460
0.378500 0.95957587
0.378750 0.95961841
0.379000 0.95967159
0.379250 0.95970349
0.379500 0.95971413
0.379750 0.95972476
0.380000 0.95976730
0.380250 0.95977794
0.380500 0.95982048
0.380750 0.95985238
0.381000 0.95987365
0.381500 0.95991620
0.381750 0.95994810
0.382000 0.95999064
0.382250 0.96002255
0.382500 0.96006509
0.382750 0.96008636
0.383000 0.96010763
0.383250 0.96011826
0.383750 0.96013953
0.384250 0.96015017
0.384500 0.96017144
0.384750 0.96018207
0.385000 0.96021398
0.385250 0.96024588
0.385500 0.96027779
0.385750 0.96029906
0.386000 0.96033097
0.386500 0.96035224
0.386750 0.96037351
0.387000 0.96039478
0.387250 0.96041605
0.387500 0.96043732
0.387750 0.96045859
0.388000 0.96046922
0.388250 0.96050113
0.388500 0.96052240
0.388750 0.96053303
0.389000 0.96054367
0.389250 0.96057557
0.390000 0.96059684
0.390250 0.96061811
0.390500 0.96065002
0.390750 0.96068192
0.391000 0.96069256
0.391250 0.96071383
0.391500 0.96075637
0.391750 0.96076701
0.392000 0.96079891
0.392250 0.96080955
0.392500 0.96084145
0.392750 0.96086272
0.393000 0.96087336
0.393250 0.96090526
0.393500 0.96092653
0.393750 0.96093717
0.394000 0.96094780
0.394250 0.96097971
0.394500 0.96099034
0.394750 0.96100098
0.395000 0.96101161
0.395250 0.96104352
0.395500 0.96106479
0.395750 0.96108606
0.396000 0.96110733
0.396250 0.96113924
0.396750 0.96114987
0.397000 0.96119241
0.397250 0.96121368
0.397500 0.96124559
0.397750 0.96125622
0.398250 0.96126686
0.398500 0.96129876
0.398750 0.96130940
0.399000 0.96136257
0.399250 0.96137321
0.399500 0.96138384
0.399750 0.96141575
0.400000 0.96143702
0.400250 0.96147956
0.400500 0.96149019
0.400750 0.96150083
0.401000 0.96151146
0.401500 0.96153273
0.401750 0.96155401
0.402000 0.96156464
0.402250 0.96158591
0.402500 0.96159655
0.402750 0.96160718
0.403250 0.96164972
0.403500 0.96166036
0.403750 0.96167099
0.404000 0.96169226
0.404250 0.96170290
0.404500 0.96171353
0.404750 0.96173480
0.405000 0.96176671
0.405250 0.96177734
0.405500 0.96179861
0.405750 0.96181988
0.406000 0.96183052
0.406250 0.96184115
0.406500 0.96187306
0.406750 0.96189433
0.407000 0.96192623
0.407250 0.96194750
0.407500 0.96195814
0.407750 0.96199005
0.408250 0.96202195
0.408500 0.96204322
0.408750 0.96207513
0.409000 0.96211767
0.409250 0.96217084
0.410000 0.96220275
0.410250 0.96223465
0.410500 0.96224529
0.410750 0.96225592
0.411000 0.96228783
0.411250 0.96233037
0.411500 0.96234100
0.411750 0.96236228
0.412000 0.96238355
0.412250 0.96240482
0.412500 0.96243672
0.412750 0.96246863
0.413000 0.96251117
0.413250 0.96253244
0.413500 0.96257498
0.413750 0.96259625
0.414000 0.96262815
0.414250 0.96266006
0.414500 0.96267069
0.414750 0.96271323
0.415000 0.96273450
0.415250 0.96274514
0.415750 0.96277705
0.416000 0.96278768
0.416250 0.96279832
0.416500 0.96284086
0.416750 0.96285149
0.417000 0.96286213
0.417250 0.96287276
0.417750 0.96288340
0.418000 0.96289403
0.418500 0.96293657
0.418750 0.96294721
0.419250 0.96296848
0.419500 0.96298975
0.419750 0.96302165
0.420000 0.96303229
0.420250 0.96304292
0.420750 0.96307483
0.421000 0.96309610
0.421250 0.96311737
0.421500 0.96312800
0.421750 0.96317054
0.422000 0.96320245
0.422250 0.96321309
0.422500 0.96324499
0.422750 0.96327690
0.423000 0.96329817
0.423250 0.96333007
0.423500 0.96334071
0.423750 0.96337261
0.424000 0.96338325
0.424250 0.96339388
0.424500 0.96340452
0.424750 0.96342579
0.425000 0.96345769
0.425250 0.96346833
0.425750 0.96350023
0.426000 0.96354277
0.426250 0.96358532
0.426500 0.96359595
0.426750 0.96360659
0.427250 0.96363849
0.427500 0.96365976
0.427750 0.96370230
0.428000 0.96371294
0.428250 0.96372357
0.428500 0.96374484
0.428750 0.96376611
0.429000 0.96377675
0.429500 0.96382992
0.429750 0.96384056
0.430000 0.96386183
0.430250 0.96388310
0.430500 0.96391500
0.430750 0.96394691
0.431500 0.96396818
0.431750 0.96400009
0.432000 0.96401072
0.432250 0.96402136
0.432500 0.96404263
0.432750 0.96406390
0.433000 0.96412771
0.433250 0.96414898
0.434250 0.96415961
0.434500 0.96418088
0.435000 0.96420215
0.435250 0.96421279
0.435500 0.96422342
0.435750 0.96423406
0.436000 0.96424469
0.436250 0.96427660
0.436500 0.96428723
0.436750 0.96429787
0.437000 0.96434041
0.437500 0.96437231
0.438000 0.96439358
0.438250 0.96440422
0.438500 0.96442549
0.438750 0.96444676
0.439000 0.96446803
0.439250 0.96448930
0.439500 0.96451057
0.440000 0.96452121
0.440250 0.96453184
0.440500 0.96456375
0.440750 0.96457438
0.441000 0.96461692
0.441250 0.96463819
0.441500 0.96464883
0.442000 0.96468073
0.442250 0.96470200
0.442500 0.96471264
0.442750 0.96474454
0.443000 0.96475518
0.443250 0.96476581
0.443500 0.96478708
0.443750 0.96480835
0.444000 0.96482963
0.444250 0.96484026
0.444500 0.96486153
0.444750 0.96489344
0.445000 0.96490407
0.445250 0.96491471
0.446000 0.96495725
0.446250 0.96501042
0.446750 0.96503169
0.447000 0.96507423
0.447250 0.96511677
0.447500 0.96514868
0.447750 0.96515931
0.448000 0.96516995
0.448250 0.96519122
0.448500 0.96520185
0.448750 0.96523376
0.449000 0.96525503
0.449250 0.96527630
0.449500 0.96528694
0.449750 0.96529757
0.450000 0.96530821
0.450500 0.96535075
0.450750 0.96536138
0.451750 0.96538265
0.452000 0.96540392
0.452250 0.96543583
0.452500 0.96545710
0.452750 0.96548900
0.453000 0.96551027
0.453500 0.96552091
0.453750 0.96555281
0.454000 0.96556345
0.454250 0.96557408
0.454500 0.96560599
0.454750 0.96561662
0.455000 0.96566980
0.455250 0.96569107
0.455500 0.96572298
0.455750 0.96574425
0.456250 0.96577615
0.456500 0.96578679
0.457000 0.96580806
0.457250 0.96582933
0.457500 0.96586123
0.457750 0.96588250
0.458000 0.96592504
0.458250 0.96593568
0.458750 0.96596758
0.459000 0.96597822
0.459250 0.96598885
0.459500 0.96601012
0.459750 0.96602076
0.460000 0.96610584
0.460250 0.96612711
0.460750 0.96616965
0.461250 0.96622283
0.461500 0.96624410
0.461750 0.96625473
0.462000 0.96627600
0.462500 0.96632918
0.462750 0.96636108
0.463000 0.96639299
0.463500 0.96640362
0.463750 0.96644616
0.464000 0.96646744
0.464250 0.96647807
0.464500 0.96648871
0.464750 0.96649934
0.465250 0.96652061
0.465500 0.96653125
0.465750 0.96655252
0.466000 0.96656315
0.466250 0.96660569
0.466500 0.96661633
0.466750 0.96662696
0.467000 0.96664823
0.467250 0.96666950
0.467500 0.96670141
0.468000 0.96672268
0.468250 0.96674395
0.468500 0.96676522
0.468750 0.96679712
0.469250 0.96680776
0.469500 0.96682903
0.470000 0.96686094
0.470250 0.96688221
0.470500 0.96690348
0.470750 0.96691411
0.471250 0.96693538
0.471500 0.96696729
0.472250 0.96697792
0.472500 0.96702046
0.472750 0.96706300
0.473250 0.96708427
0.473500 0.96709491
0.473750 0.96712681
0.474000 0.96713745
0.474500 0.96715872
0.474750 0.96719062
0.475000 0.96721189
0.475500 0.96723316
0.475750 0.96724380
0.476500 0.96725443
0.477000 0.96726507
0.477250 0.96727571
0.477500 0.96731825
0.478000 0.96732888
0.478250 0.96736079
0.478500 0.96737142
0.478750 0.96740333
0.479000 0.96741396
0.479500 0.96742460
0.480000 0.96743523
0.480250 0.96746714
0.480500 0.96750968
0.481000 0.96752031
0.481250 0.96753095
0.481500 0.96757349
0.481750 0.96759476
0.482000 0.96763730
0.482250 0.96765857
0.482750 0.96766920
0.483000 0.96772238
0.483250 0.96774365
0.483500 0.96776492
0.484000 0.96779683
0.484250 0.96780746
0.484500 0.96782873
0.484750 0.96786064
0.485000 0.96787127
0.485250 0.96789254
0.485500 0.96791381
0.485750 0.96793508
0.486000 0.96794572
0.486250 0.96798826
0.486500 0.96800953
0.487000 0.96802016
0.487250 0.96803080
0.487500 0.96804143
0.487750 0.96808397
0.488000 0.96809461
0.488250 0.96810525
0.488500 0.96811588
0.488750 0.96815842
0.489250 0.96817969
0.489500 0.96819033
0.489750 0.96823287
0.490500 0.96824350
0.490750 0.96829668
0.491000 0.96830731
0.491250 0.96831795
0.491500 0.96832858
0.491750 0.96834985
0.492000 0.96836049
0.492250 0.96837112
0.492500 0.96840303
0.492750 0.96841366
0.493250 0.96842430
0.493500 0.96843493
0.493750 0.96847747
0.494250 0.96849875
0.494500 0.96850938
0.494750 0.96853065
0.495000 0.96856256
0.495500 0.96858383
0.496000 0.96861573
0.496250 0.96864764
0.496500 0.96865827
0.496750 0.96866891
0.497000 0.96867954
0.497250 0.96871145
0.497500 0.96875399
0.497750 0.96876462
0.498000 0.96877526
0.498250 0.96878589
0.498500 0.96880716
0.498750 0.96883907
0.499000 0.96886034
0.499250 0.96890288
0.499750 0.96893479
0.500000 0.96896669
0.500250 0.96899860
0.500500 0.96906241
0.500750 0.96909431
0.501000 0.96910495
0.501250 0.96913685
0.501500 0.96916876
0.501750 0.96920066
0.502000 0.96921130
0.502250 0.96922193
0.502500 0.96925384
0.502750 0.96927511
0.503000 0.96928574
0.503250 0.96929638
0.503500 0.96930701
0.504000 0.96931765
0.504750 0.96933892
0.505000 0.96937083
0.505750 0.96939210
0.506000 0.96941337
0.506250 0.96943464
0.506500 0.96945591
0.507000 0.96947718
0.507250 0.96949845
0.507750 0.96950908
0.508000 0.96951972
0.508250 0.96953035
0.508500 0.96954099
0.508750 0.96957289
0.509250 0.96958353
0.509500 0.96961543
0.509750 0.96963670
0.510000 0.96966861
0.510250 0.96968988
0.510500 0.96970051
0.510750 0.96971115
0.511250 0.96972179
0.511500 0.96973242
0.511750 0.96976433
0.512000 0.96978560
0.512250 0.96980687
0.512500 0.96981750
0.512750 0.96982814
0.513000 0.96987068
0.513250 0.96989195
0.513500 0.96990258
0.513750 0.96992385
0.514250 0.96994512
0.514500 0.96995576
0.514750 0.96996639
0.515000 0.96997703
0.515250 0.97000893
0.515500 0.97001957
0.515750 0.97004084
0.516000 0.97005147
0.516250 0.97006211
0.516500 0.97008338
0.516750 0.97012592
0.517250 0.97015783
0.517500 0.97018973
0.517750 0.97021100
0.518000 0.97022164
0.518250 0.97023227
0.518500 0.97026418
0.518750 0.97027481
0.519000 0.97028545
0.519250 0.97030672
0.519500 0.97034926
0.519750 0.97037053
0.520000 0.97041307
0.520250 0.97043434
0.520500 0.97046624
0.521000 0.97049815
0.521500 0.97051942
0.521750 0.97055133
0.522000 0.97058323
0.522250 0.97060450
0.522500 0.97061514
0.522750 0.97064704
0.523000 0.97067895
0.523250 0.97073212
0.523500 0.97075339
0.523750 0.97076403
0.524000 0.97078530
0.524500 0.97079593
0.525000 0.97081720
0.525250 0.97083847
0.525500 0.97088101
0.526000 0.97089165
0.526250 0.97091292
0.526500 0.97092355
0.526750 0.97093419
0.527500 0.97098737
0.528000 0.97100864
0.528250 0.97102991
0.528500 0.97105118
0.528750 0.97106181
0.529250 0.97109372
0.529500 0.97111499
0.529750 0.97112562
0.530000 0.97114689
0.530250 0.97118943
0.530500 0.97120007
0.530750 0.97121070
0.531500 0.97122134
0.531750 0.97123197
0.532250 0.97124261
0.532500 0.97127451
0.532750 0.97130642
0.533000 0.97133832
0.533250 0.97135960
0.533500 0.97137023
0.533750 0.97138087
0.534000 0.97139150
0.534500 0.97141277
0.534750 0.97142341
0.535000 0.97143404
0.535250 0.97145531
0.535500 0.97147658
0.535750 0.97148722
0.536000 0.97150849
0.536250 0.97151912
0.536750 0.97155103
0.537750 0.97156166
0.538000 0.97159357
0.538250 0.97161484
0.538500 0.97165738
0.539000 0.97169992
0.539250 0.97173182
0.539500 0.97174246
0.539750 0.97176373
0.540000 0.97177437
0.540250 0.97180627
0.541000 0.97181691
0.541250 0.97185945
0.541500 0.97189135
0.542000 0.97192326
0.542250 0.97194453
0.542750 0.97197643
0.543500 0.97199770
0.543750 0.97201897
0.544000 0.97202961
0.544250 0.97206151
0.544500 0.97207215
0.544750 0.97208278
0.545000 0.97212532
0.545250 0.97215723
0.545750 0.97217850
0.546250 0.97218914
0.547000 0.97219977
0.547250 0.97221041
0.547750 0.97224231
0.548000 0.97225295
0.548500 0.97229549
0.548750 0.97231676
0.549000 0.97233803
0.549250 0.97234866
0.549500 0.97238057
0.549750 0.97240184
0.550000 0.97241247
0.550250 0.97243374
0.550500 0.97244438
0.551000 0.97246565
0.551250 0.97248692
0.551750 0.97250819
0.552000 0.97252946
0.552250 0.97256136
0.552500 0.97258263
0.552750 0.97259327
0.553000 0.97261454
0.553250 0.97262518
0.554250 0.97263581
0.554500 0.97265708
0.554750 0.97267835
0.555000 0.97271026
0.555750 0.97273153
0.556750 0.97275280
0.557500 0.97277407
0.557750 0.97278470
0.558000 0.97279534
0.558250 0.97282724
0.558500 0.97283788
0.558750 0.97284851
0.559250 0.97285915
0.559500 0.97288042
0.559750 0.97289105
0.560000 0.97293359
0.560250 0.97295486
0.560500 0.97296550
0.560750 0.97299741
0.561000 0.97301868
0.561250 0.97303995
0.561750 0.97306122
0.562000 0.97308249
0.562750 0.97309312
0.563000 0.97311439
0.563250 0.97312503
0.563500 0.97314630
0.564000 0.97315693
0.564250 0.97316757
0.564750 0.97317820
0.565250 0.97324201
0.566000 0.97326328
0.566250 0.97328455
0.566500 0.97329519
0.566750 0.97330582
0.567250 0.97331646
0.567500 0.97332709
0.567750 0.97334836
0.568250 0.97335900
0.568500 0.97336963
0.569000 0.97338027
0.569250 0.97339090
0.569500 0.97340154
0.569750 0.97341218
0.570000 0.97342281
0.570250 0.97344408
0.570500 0.97346535
0.570750 0.97347599
0.571000 0.97349726
0.571250 0.97350789
0.571500 0.97351853
0.571750 0.97352916
0.572000 0.97355043
0.572250 0.97356107
0.572500 0.97358234
0.572750 0.97359297
0.573000 0.97360361
0.573250 0.97361424
0.574250 0.97362488
0.574750 0.97363551
0.575000 0.97364615
0.575500 0.97365678
0.575750 0.97368869
0.576000 0.97369932
0.576500 0.97370996
0.576750 0.97373123
0.577250 0.97377377
0.577500 0.97378440
0.577750 0.97379504
0.578000 0.97380567
0.578750 0.97382695
0.579000 0.97383758
0.579250 0.97384822
0.579500 0.97386949
0.579750 0.97388012
0.580000 0.97391203
0.580250 0.97392266
0.580500 0.97393330
0.580750 0.97395457
0.581000 0.97396520
0.581250 0.97397584
0.581500 0.97398647
0.581750 0.97399711
0.582000 0.97400774
0.582250 0.97401838
0.582500 0.97403965
0.582750 0.97406092
0.583000 0.97408219
0.583250 0.97410346
0.583500 0.97411409
0.583750 0.97414600
0.584000 0.97415663
0.584250 0.97416727
0.584500 0.97418854
0.585000 0.97419917
0.585250 0.97422044
0.585500 0.97423108
0.585750 0.97425235
0.586000 0.97426299
0.586250 0.97427362
0.586500 0.97428426
0.586750 0.97430553
0.587000 0.97432680
0.587500 0.97433743
0.587750 0.97437997
0.588000 0.97440124
0.588250 0.97442251
0.588500 0.97443315
0.588750 0.97444378
0.589250 0.97447569
0.589500 0.97449696
0.589750 0.97450759
0.590500 0.97452886
0.591000 0.97453950
0.592250 0.97455013
0.592500 0.97458204
0.593000 0.97460331
0.593500 0.97461394
0.594250 0.97462458
0.594500 0.97464585
0.595250 0.97466712
0.595500 0.97467776
0.595750 0.97468839
0.596000 0.97469903
0.596750 0.97472030
0.597250 0.97474157
0.597500 0.97475220
0.597750 0.97477347
0.598000 0.97479474
0.598250 0.97481601
0.598750 0.97482665
0.599000 0.97483728
0.599250 0.97485855
0.599500 0.97486919
0.599750 0.97487982
0.600000 0.97490109
0.600250 0.97492236
0.600750 0.97495427
0.601000 0.97496490
0.601250 0.97497554
0.601500 0.97501808
0.601750 0.97502871
0.602500 0.97504999
0.602750 0.97507126
0.603000 0.97509253
0.603250 0.97511380
0.603500 0.97512443
0.603750 0.97513507
0.604000 0.97514570
0.604750 0.97515634
0.606000 0.97516697
0.606500 0.97517761
0.607250 0.97518824
0.607500 0.97520951
0.608250 0.97523078
0.608500 0.97524142
0.609000 0.97525205
0.609250 0.97527332
0.609500 0.97529459
0.609750 0.97530523
0.610000 0.97531586
0.610250 0.97533713
0.610500 0.97536904
0.610750 0.97537967
0.611000 0.97539031
0.611250 0.97541158
0.611500 0.97543285
0.611750 0.97544348
0.612000 0.97545412
0.612250 0.97547539
0.612750 0.97548603
0.613000 0.97549666
0.614000 0.97551793
0.614750 0.97553920
0.615000 0.97554984
0.615250 0.97556047
0.615500 0.97558174
0.615750 0.97561365
0.616000 0.97563492
0.616500 0.97565619
0.617000 0.97566682
0.617250 0.97567746
0.617500 0.97568809
0.617750 0.97569873
0.618000 0.97573063
0.618500 0.97575190
0.618750 0.97577317
0.619000 0.97579444
0.619250 0.97580508
0.619750 0.97583698
0.620500 0.97585825
0.620750 0.97587953
0.621500 0.97589016
0.621750 0.97590080
0.622250 0.97592207
0.622750 0.97593270
0.623500 0.97594334
0.624750 0.97595397
0.625000 0.97596461
0.625500 0.97598588
0.625750 0.97600715
0.626000 0.97601778
0.626500 0.97602842
0.626750 0.97603905
0.627000 0.97604969
0.627250 0.97607096
0.628000 0.97609223
0.629000 0.97611350
0.629750 0.97613477
0.630000 0.97614540
0.630250 0.97616667
0.630750 0.97618794
0.631000 0.97621985
0.631250 0.97623048
0.631500 0.97626239
0.631750 0.97627303
0.632250 0.97630493
0.633000 0.97631557
0.633250 0.97632620
0.634000 0.97633684
0.634250 0.97634747
0.634500 0.97636874
0.635000 0.97637938
0.635250 0.97639001
0.635500 0.97640065
0.635750 0.97641128
0.636250 0.97642192
0.636500 0.97643255
0.636750 0.97645382
0.637500 0.97646446
0.637750 0.97647509
0.638250 0.97648573
0.638750 0.97649636
0.639000 0.97650700
0.639500 0.97651763
0.640000 0.97652827
0.640500 0.97653890
0.640750 0.97656017
0.641250 0.97658144
0.641750 0.97661335
0.642000 0.97662398
0.642250 0.97665589
0.642750 0.97666652
0.643000 0.97667716
0.643500 0.97668780
0.643750 0.97669843
0.644000 0.97670907
0.644250 0.97676224
0.644500 0.97678351
0.645000 0.97680478
0.645500 0.97681542
0.645750 0.97683669
0.646250 0.97685796
0.646500 0.97686859
0.647000 0.97687923
0.647250 0.97688986
0.647500 0.97690050
0.647750 0.97693240
0.648000 0.97696431
0.648500 0.97698558
0.648750 0.97699621
0.649250 0.97701748
0.649500 0.97702812
0.649750 0.97703875
0.650250 0.97704939
0.650500 0.97706002
0.650750 0.97707066
0.651000 0.97708129
0.651250 0.97709193
0.651500 0.97712384
0.652250 0.97714511
0.652500 0.97715574
0.652750 0.97718765
0.654000 0.97721955
0.654250 0.97724082
0.654500 0.97725146
0.655000 0.97727273
0.655500 0.97728336
0.656000 0.97730463
0.656250 0.97731527
0.656750 0.97733654
0.657750 0.97737908
0.658000 0.97738971
0.659250 0.97741098
0.659750 0.97742162
0.660000 0.97746416
0.660250 0.97747479
0.660500 0.97751734
0.660750 0.97752797
0.661750 0.97753861
0.662000 0.97757051
0.662250 0.97758115
0.662500 0.97759178
0.663000 0.97760242
0.663250 0.97762369
0.663500 0.97763432
0.663750 0.97764496
0.664250 0.97765559
0.664750 0.97768750
0.665000 0.97770877
0.665500 0.97773004
0.665750 0.97774067
0.666250 0.97776194
0.666500 0.97778321
0.666750 0.97779385
0.667250 0.97783639
0.667500 0.97784702
0.668750 0.97786829
0.669000 0.97790020
0.670000 0.97792147
0.670250 0.97794274
0.670750 0.97797465
0.671000 0.97798528
0.671250 0.97799592
0.671500 0.97800655
0.671750 0.97802782
0.672250 0.97803846
0.672500 0.97804909
0.673500 0.97808100
0.673750 0.97810227
0.674000 0.97812354
0.674250 0.97814481
0.674500 0.97815544
0.674750 0.97817671
0.675500 0.97819798
0.676000 0.97821925
0.676250 0.97824052
0.676500 0.97825116
0.676750 0.97826179
0.677250 0.97828306
0.677500 0.97830433
0.678000 0.97831497
0.678250 0.97837878
0.678500 0.97838942
0.678750 0.97840005
0.679000 0.97842132
0.679500 0.97843196
0.679750 0.97844259
0.680000 0.97845323
0.680250 0.97846386
0.680750 0.97847450
0.681500 0.97849577
0.682000 0.97850640
0.682250 0.97853831
0.683250 0.97857021
0.684000 0.97858085
0.684250 0.97859148
0.685750 0.97860212
0.686750 0.97862339
0.687000 0.97865529
0.687750 0.97866593
0.688250 0.97868720
0.689000 0.97870847
0.689250 0.97871910
0.689750 0.97872974
0.690000 0.97875101
0.690250 0.97876165
0.690750 0.97877228
0.691000 0.97881482
0.691250 0.97882546
0.691500 0.97883609
0.691750 0.97884673
0.692000 0.97885736
0.692500 0.97886800
0.692750 0.97888927
0.693250 0.97889990
0.693500 0.97891054
0.694000 0.97893181
0.695250 0.97896371
0.695500 0.97898498
0.695750 0.97899562
0.696000 0.97900625
0.696250 0.97901689
0.696500 0.97903816
0.696750 0.97904879
0.697250 0.97908070
0.697750 0.97909133
0.698250 0.97911260
0.698500 0.97913388
0.698750 0.97916578
0.699250 0.97917642
0.699500 0.97919769
0.700000 0.97920832
0.700250 0.97922959
0.700500 0.97926150
0.701250 0.97927213
0.701750 0.97929340
0.702250 0.97930404
0.702750 0.97931467
0.703000 0.97934658
0.703250 0.97935721
0.703500 0.97936785
0.703750 0.97939975
0.704000 0.97941039
0.704250 0.97942102
0.705250 0.97943166
0.705500 0.97944229
0.705750 0.97945293
0.706750 0.97946356
0.707000 0.97949547
0.707750 0.97950610
0.708250 0.97951674
0.708500 0.97953801
0.709250 0.97954865
0.709500 0.97955928
0.709750 0.97956992
0.710250 0.97958055
0.710500 0.97959119
0.711000 0.97960182
0.711750 0.97962309
0.712250 0.97964436
0.713250 0.97965500
0.713500 0.97966563
0.714000 0.97967627
0.714250 0.97969754
0.714750 0.97970817
0.715000 0.97975071
0.715500 0.97976135
0.715750 0.97977198
0.716000 0.97979325
0.716750 0.97981452
0.717750 0.97982516
0.718000 0.97984643
0.718750 0.97986770
0.719000 0.97988897
0.720000 0.97989960
0.720500 0.97991024
0.721500 0.97992087
0.722250 0.97994214
0.722750 0.97995278
0.723750 0.97997405
0.724500 0.97998469
0.724750 0.97999532
0.725000 0.98003786
0.725750 0.98004850
0.726000 0.98005913
0.726500 0.98006977
0.726750 0.98008040
0.727000 0.98009104
0.727750 0.98010167
0.729000 0.98011231
0.729250 0.98012294
0.730250 0.98014421
0.730750 0.98016548
0.731000 0.98017612
0.731250 0.98018675
0.731500 0.98019739
0.731750 0.98020802
0.732250 0.98023993
0.732500 0.98026120
0.732750 0.98029310
0.733000 0.98030374
0.733250 0.98032501
0.733500 0.98033564
0.733750 0.98035691
0.735000 0.98036755
0.735750 0.98041009
0.736250 0.98042073
0.736750 0.98043136
0.737000 0.98044200
0.737750 0.98047390
0.738250 0.98050581
0.738500 0.98052708
0.738750 0.98054835
0.739000 0.98055898
0.739500 0.98058025
0.739750 0.98059089
0.740000 0.98061216
0.740250 0.98063343
0.741000 0.98065470
0.741500 0.98067597
0.742000 0.98068660
0.742250 0.98069724
0.742500 0.98070787
0.742750 0.98071851
0.743000 0.98072914
0.744000 0.98075041
0.744250 0.98076105
0.744500 0.98077169
0.745000 0.98079296
0.745250 0.98080359
0.745500 0.98083550
0.746250 0.98085677
0.746500 0.98086740
0.747500 0.98087804
0.748000 0.98088867
0.748500 0.98089931
0.748750 0.98090994
0.749000 0.98093121
0.749250 0.98094185
0.749750 0.98095248
0.750000 0.98096312
0.750250 0.98098439
0.750500 0.98099502
0.751000 0.98101629
0.751250 0.98104820
0.751500 0.98105883
0.751750 0.98106947
0.752000 0.98108010
0.752750 0.98109074
0.753000 0.98110137
0.753500 0.98112264
0.753750 0.98113328
0.754000 0.98114391
0.754250 0.98116518
0.754500 0.98117582
0.754750 0.98119709
0.755000 0.98122900
0.755250 0.98123963
0.755750 0.98125027
0.756250 0.98126090
0.756500 0.98128217
0.757000 0.98129281
0.757500 0.98131408
0.758250 0.98133535
0.758500 0.98135662
0.758750 0.98136725
0.759250 0.98137789
0.760000 0.98139916
0.760250 0.98140979
0.760750 0.98142043
0.761000 0.98144170
0.761250 0.98145233
0.762000 0.98146297
0.762250 0.98148424
0.763000 0.98149487
0.763500 0.98150551
0.763750 0.98152678
0.764000 0.98153741
0.764250 0.98155868
0.764500 0.98157995
0.765000 0.98159059
0.765500 0.98160123
0.765750 0.98163313
0.766000 0.98164377
0.766250 0.98166504
0.766500 0.98168631
0.767500 0.98169694
0.768000 0.98170758
0.768250 0.98171821
0.768750 0.98175012
0.769000 0.98176075
0.769250 0.98177139
0.769750 0.98178202
0.770000 0.98180329
0.770250 0.98181393
0.770500 0.98182456
0.770750 0.98183520
0.771000 0.98184583
0.771250 0.98185647
0.771500 0.98186710
0.771750 0.98187774
0.772000 0.98188837
0.772250 0.98190964
0.772500 0.98194155
0.773250 0.98195218
0.773750 0.98196282
0.774000 0.98198409
0.774250 0.98199472
0.774750 0.98200536
0.775500 0.98201600
0.775750 0.98202663
0.776000 0.98203727
0.776250 0.98205854
0.776500 0.98206917
0.776750 0.98207981
0.777250 0.98209044
0.777750 0.98211171
0.778250 0.98212235
0.778500 0.98213298
0.778750 0.98214362
0.779000 0.98215425
0.779750 0.98217552
0.780000 0.98218616
0.780500 0.98219679
0.780750 0.98220743
0.781000 0.98222870
0.781250 0.98223933
0.781500 0.98224997
0.781750 0.98226060
0.782000 0.98227124
0.782250 0.98228187
0.782500 0.98230314
0.783000 0.98231378
0.783500 0.98232441
0.783750 0.98233505
0.784000 0.98235632
0.784500 0.98236695
0.784750 0.98237759
0.785000 0.98238822
0.785250 0.98239886
0.785500 0.98240950
0.786000 0.98242013
0.786250 0.98243077
0.786500 0.98245204
0.787000 0.98246267
0.788500 0.98247331
0.789000 0.98250521
0.789500 0.98251585
0.789750 0.98252648
0.790750 0.98253712
0.791000 0.98254775
0.791250 0.98255839
0.791750 0.98256902
0.792000 0.98257966
0.792750 0.98259029
0.793000 0.98260093
0.794000 0.98261156
0.794500 0.98262220
0.795250 0.98263283
0.795750 0.98264347
0.796000 0.98267537
0.796750 0.98268601
0.797000 0.98269664
0.797500 0.98270728
0.797750 0.98272855
0.798000 0.98273918
0.799000 0.98274982
0.799250 0.98276045
0.799750 0.98277109
0.800000 0.98278172
0.800250 0.98279236
0.800750 0.98280299
0.801250 0.98281363
0.801750 0.98282427
0.803250 0.98285617
0.803750 0.98286681
0.804000 0.98288808
0.804250 0.98289871
0.805500 0.98290935
0.807500 0.98293062
0.807750 0.98294125
0.808000 0.98295189
0.809000 0.98296252
0.809250 0.98297316
0.809500 0.98298379
0.809750 0.98299443
0.810250 0.98300506
0.810500 0.98301570
0.810750 0.98302633
0.811750 0.98303697
0.812250 0.98305824
0.812750 0.98309014
0.813000 0.98310078
0.813500 0.98311141
0.814000 0.98313268
0.814250 0.98315395
0.814750 0.98316459
0.815750 0.98317522
0.817000 0.98318586
0.817250 0.98319649
0.818250 0.98321776
0.820250 0.98323904
0.820750 0.98326031
0.821250 0.98327094
0.821500 0.98328158
0.821750 0.98329221
0.822250 0.98331348
0.823250 0.98333475
0.823500 0.98334539
0.824750 0.98335602
0.825000 0.98336666
0.825750 0.98337729
0.826000 0.98338793
0.826250 0.98339856
0.826500 0.98340920
0.827500 0.98344110
0.827750 0.98346237
0.828250 0.98349428
0.828500 0.98350491
0.829000 0.98351555
0.829750 0.98352618
0.831250 0.98353682
0.832000 0.98354745
0.832750 0.98355809
0.833250 0.98356872
0.833500 0.98358999
0.833750 0.98360063
0.834250 0.98361126
0.834500 0.98362190
0.835750 0.98363253
0.836500 0.98364317
0.836750 0.98366444
0.838000 0.98370698
0.838250 0.98371762
0.838500 0.98372825
0.838750 0.98374952
0.839750 0.98376016
0.840000 0.98377079
0.840250 0.98378143
0.842000 0.98381333
0.842500 0.98382397
0.843750 0.98383460
0.844000 0.98384524
0.844500 0.98385587
0.844750 0.98386651
0.845250 0.98388778
0.845500 0.98391968
0.845750 0.98394095
0.846250 0.98395159
0.847000 0.98396222
0.847250 0.98397286
0.848500 0.98398349
0.849500 0.98401540
0.850750 0.98402603
0.851250 0.98403667
0.851500 0.98405794
0.852000 0.98406858
0.852250 0.98407921
0.853000 0.98408985
0.853250 0.98412175
0.853500 0.98413239
0.854000 0.98414302
0.854750 0.98415366
0.855000 0.98416429
0.855500 0.98418556
0.855750 0.98419620
0.856250 0.98420683
0.856500 0.98422810
0.856750 0.98424937
0.857750 0.98426001
0.858500 0.98427064
0.858750 0.98428128
0.859000 0.98431318
0.859250 0.98433445
0.859750 0.98434509
0.860000 0.98437699
0.860500 0.98439826
0.860750 0.98441953
0.861250 0.98444080
0.861750 0.98445144
0.862250 0.98446208
0.862750 0.98447271
0.863250 0.98448335
0.863500 0.98449398
0.864250 0.98450462
0.864500 0.98451525
0.865000 0.98452589
0.865250 0.98455779
0.865500 0.98456843
0.865750 0.98457906
0.866000 0.98458970
0.866500 0.98461097
0.866750 0.98462160
0.867000 0.98463224
0.867250 0.98464287
0.867750 0.98466414
0.868000 0.98468541
0.868250 0.98469605
0.868500 0.98470668
0.869500 0.98471732
0.870250 0.98472795
0.870500 0.98473859
0.870750 0.98474922
0.871500 0.98475986
0.872250 0.98477049
0.873750 0.98479176
0.875000 0.98482367
0.876000 0.98484494
0.876250 0.98485557
0.878000 0.98488748
0.878750 0.98489812
0.881000 0.98490875
0.882250 0.98491939
0.882500 0.98493002
0.882750 0.98494066
0.883000 0.98495129
0.883500 0.98496193
0.884250 0.98497256
0.884750 0.98498320
0.885750 0.98499383
0.886250 0.98500447
0.886500 0.98501510
0.887250 0.98503637
0.887750 0.98504701
0.888000 0.98505764
0.889250 0.98506828
0.889750 0.98507891
0.890250 0.98510018
0.890500 0.98511082
0.891250 0.98512145
0.891500 0.98513209
0.892250 0.98515336
0.893250 0.98516399
0.893500 0.98518526
0.894000 0.98519590
0.894500 0.98520653
0.894750 0.98521717
0.895250 0.98522780
0.896000 0.98523844
0.898500 0.98524907
0.899250 0.98525971
0.899500 0.98527035
0.899750 0.98528098
0.900000 0.98530225
0.900250 0.98532352
0.900750 0.98533416
0.901250 0.98535543
0.901500 0.98536606
0.901750 0.98538733
0.902750 0.98539797
0.903000 0.98540860
0.903500 0.98541924
0.905750 0.98542987
0.906500 0.98544051
0.906750 0.98546178
0.907750 0.98547241
0.908250 0.98548305
0.908750 0.98549368
0.909000 0.98551495
0.909250 0.98552559
0.909750 0.98554686
0.910000 0.98556813
0.910250 0.98557876
0.911750 0.98558940
0.912000 0.98560003
0.912250 0.98562130
0.913250 0.98563194
0.914000 0.98566384
0.914250 0.98567448
0.914500 0.98568512
0.914750 0.98569575
0.915000 0.98570639
0.915500 0.98571702
0.915750 0.98572766
0.916250 0.98573829
0.916500 0.98574893
0.917000 0.98575956
0.917500 0.98578083
0.918000 0.98579147
0.918500 0.98580210
0.919500 0.98581274
0.920000 0.98583401
0.922000 0.98584464
0.922250 0.98585528
0.922500 0.98586591
0.923000 0.98587655
0.923250 0.98588718
0.923500 0.98590845
0.924250 0.98591909
0.925000 0.98594036
0.925250 0.98595099
0.926250 0.98596163
0.927750 0.98597226
0.928500 0.98598290
0.929000 0.98599353
0.930000 0.98601480
0.930250 0.98602544
0.931500 0.98603607
0.932000 0.98605734
0.932750 0.98607861
0.933000 0.98609989
0.933250 0.98611052
0.933500 0.98612116
0.934250 0.98613179
0.934500 0.98614243
0.934750 0.98615306
0.935500 0.98616370
0.936000 0.98617433
0.936500 0.98618497
0.937250 0.98619560
0.938250 0.98620624
0.938500 0.98622751
0.938750 0.98623814
0.939000 0.98624878
0.939250 0.98625941
0.939750 0.98627005
0.940000 0.98628068
0.941000 0.98629132
0.942000 0.98630195
0.943750 0.98631259
0.944000 0.98632322
0.944250 0.98633386
0.945000 0.98634449
0.946250 0.98635513
0.947000 0.98636576
0.947250 0.98637640
0.947500 0.98638703
0.948000 0.98640830
0.948500 0.98641894
0.948750 0.98644021
0.949000 0.98645084
0.949250 0.98646148
0.949750 0.98647211
0.950000 0.98648275
0.950250 0.98649338
0.950500 0.98650402
0.951250 0.98651466
0.952750 0.98652529
0.955500 0.98653593
0.956500 0.98654656
0.956750 0.98656783
0.957250 0.98657847
0.957750 0.98659974
0.958500 0.98662101
0.959000 0.98663164
0.959500 0.98664228
0.960000 0.98665291
0.960750 0.98666355
0.961000 0.98667418
0.962500 0.98668482
0.963250 0.98670609
0.963500 0.98671672
0.964000 0.98673799
0.965250 0.98674863
0.965500 0.98676990
0.966250 0.98678053
0.967500 0.98680180
0.968000 0.98681244
0.968500 0.98683371
0.968750 0.98684434
0.972500 0.98685498
0.973500 0.98686561
0.973750 0.98687625
0.975250 0.98688688
0.975500 0.98689752
0.976250 0.98690816
0.976750 0.98691879
0.977250 0.98694006
0.978000 0.98695070
0.978250 0.98697197
0.978500 0.98698260
0.979000 0.98699324
0.979250 0.98700387
0.980000 0.98701451
0.981000 0.98702514
0.981750 0.98703578
0.982000 0.98704641
0.982500 0.98705705
0.983000 0.98706768
0.983250 0.98708895
0.983500 0.98709959
0.983750 0.98711022
0.985250 0.98712086
0.985500 0.98713149
0.986750 0.98714213
0.987250 0.98715276
0.987500 0.98716340
0.987750 0.98717403
0.988000 0.98718467
0.988250 0.98719530
0.989000 0.98720594
0.989250 0.98721657
0.989500 0.98723784
0.992750 0.98725911
0.993250 0.98726975
0.993750 0.98728038
0.994000 0.98729102
0.994500 0.98731229
0.995000 0.98732293
0.996000 0.98735483
0.996250 0.98736547
0.997000 0.98737610
0.997250 0.98738674
0.997500 0.98739737
0.998750 0.98740801
0.999250 0.98741864
0.999500 0.98743991
1.001250 0.98746118
1.001500 0.98747182
1.003500 0.98749309
1.004000 0.98750372
1.004500 0.98751436
1.004750 0.98752499
1.005500 0.98754626
1.006000 0.98756753
1.006250 0.98758880
1.007500 0.98759944
1.009000 0.98761007
1.009250 0.98762071
1.009500 0.98763134
1.009750 0.98765261
1.010000 0.98766325
1.010250 0.98768452
1.010500 0.98769515
1.011250 0.98771642
1.012000 0.98772706
1.012750 0.98774833
1.013500 0.98776960
1.014000 0.98778024
1.015000 0.98779087
1.015500 0.98780151
1.016500 0.98781214
1.017500 0.98782278
1.020000 0.98783341
1.020500 0.98784405
1.021250 0.98785468
1.023000 0.98787595
1.024500 0.98788659
1.025250 0.98789722
1.027250 0.98790786
1.028250 0.98791849
1.029000 0.98795040
1.029250 0.98797167
1.031500 0.98799294
1.032750 0.98800357
1.033750 0.98801421
1.034500 0.98802484
1.035500 0.98803548
1.035750 0.98805675
1.038500 0.98806738
1.038750 0.98807802
1.039000 0.98808865
1.039250 0.98809929
1.039750 0.98810992
1.040250 0.98812056
1.042000 0.98813119
1.042750 0.98815247
1.044500 0.98816310
1.044750 0.98817374
1.045250 0.98818437
1.046000 0.98820564
1.046500 0.98821628
1.046750 0.98822691
1.048250 0.98823755
1.048750 0.98824818
1.049000 0.98825882
1.049500 0.98826945
1.050000 0.98828009
1.050250 0.98829072
1.051750 0.98830136
1.053750 0.98831199
1.054250 0.98832263
1.054750 0.98834390
1.056000 0.98835453
1.056250 0.98836517
1.056750 0.98837580
1.057750 0.98838644
1.058500 0.98839707
1.059000 0.98840771
1.060500 0.98841834
1.061500 0.98842898
1.062000 0.98843961
1.062250 0.98845025
1.062750 0.98846088
1.063500 0.98847152
1.064250 0.98848215
1.066000 0.98849279
1.066500 0.98850342
1.067500 0.98852469
1.067750 0.98853533
1.068500 0.98854597
1.068750 0.98855660
1.069250 0.98856724
1.069500 0.98857787
1.071500 0.98858851
1.071750 0.98859914
1.073750 0.98862041
1.075000 0.98864168
1.077000 0.98865232
1.077250 0.98866295
1.077500 0.98868422
1.079000 0.98869486
1.080000 0.98870549
1.081000 0.98871613
1.081250 0.98872676
1.081500 0.98873740
1.082750 0.98875867
1.083000 0.98876930
1.085000 0.98877994
1.085250 0.98879057
1.086500 0.98880121
1.087000 0.98881184
1.087500 0.98882248
1.088250 0.98883311
1.088500 0.98884375
1.089250 0.98885438
1.090250 0.98886502
1.090500 0.98887565
1.092000 0.98889692
1.092500 0.98892883
1.093000 0.98893946
1.094000 0.98895010
1.096250 0.98896074
1.096500 0.98897137
1.097750 0.98899264
1.098000 0.98900328
1.099500 0.98901391
1.100000 0.98902455
1.100500 0.98903518
1.101750 0.98904582
1.102000 0.98905645
1.102500 0.98906709
1.102750 0.98907772
1.103000 0.98908836
1.103500 0.98910963
1.104250 0.98912026
1.104500 0.98913090
1.104750 0.98915217
1.106000 0.98916280
1.107000 0.98917344
1.107750 0.98918407
1.108000 0.98919471
1.108500 0.98920534
1.108750 0.98921598
1.109500 0.98922661
1.110000 0.98923725
1.110250 0.98924788
1.112750 0.98925852
1.113000 0.98926915
1.113500 0.98927979
1.113750 0.98930106
1.114000 0.98931169
1.114250 0.98932233
1.115500 0.98933296
1.116500 0.98935423
1.117250 0.98936487
1.119250 0.98937551
1.120000 0.98938614
1.120250 0.98939678
1.121750 0.98941805
1.122500 0.98942868
1.122750 0.98943932
1.123500 0.98944995
1.123750 0.98946059
1.124000 0.98947122
1.124750 0.98948186
1.125000 0.98949249
1.125500 0.98950313
1.126250 0.98951376
1.128000 0.98952440
1.128750 0.98953503
1.130000 0.98954567
1.130750 0.98956694
1.131000 0.98958821
1.131500 0.98959884
1.132000 0.98960948
1.132500 0.98963075
1.133750 0.98964138
1.134000 0.98965202
1.135500 0.98966265
1.141250 0.98968392
1.141500 0.98969456
1.141750 0.98971583
1.142750 0.98972646
1.143000 0.98973710
1.144000 0.98974773
1.145500 0.98975837
1.145750 0.98976900
1.146250 0.98977964
1.146500 0.98979028
1.147250 0.98981155
1.149000 0.98982218
1.149250 0.98984345
1.150500 0.98985409
1.150750 0.98986472
1.153000 0.98989663
1.153250 0.98990726
1.153500 0.98991790
1.154500 0.98992853
1.156500 0.98993917
1.157250 0.98994980
1.157750 0.98996044
1.158500 0.98997107
1.158750 0.98998171
1.159000 0.98999234
1.159250 0.99000298
1.159500 0.99001361
1.161000 0.99004552
1.161500 0.99005615
1.161750 0.99006679
1.162500 0.99007742
1.163500 0.99008806
1.163750 0.99009869
1.164500 0.99010933
1.165250 0.99011996
1.166250 0.99013060
1.166500 0.99014123
1.166750 0.99015187
1.167000 0.99016250
1.170500 0.99017314
1.170750 0.99018378
1.171250 0.99020505
1.171500 0.99021568
1.173000 0.99022632
1.173750 0.99023695
1.174250 0.99024759
1.174500 0.99025822
1.174750 0.99026886
1.175000 0.99027949
1.175500 0.99029013
1.175750 0.99030076
1.176000 0.99031140
1.177250 0.99032203
1.178000 0.99033267
1.179500 0.99036457
1.179750 0.99037521
1.180000 0.99038584
1.180500 0.99039648
1.181250 0.99040711
1.181500 0.99041775
1.182000 0.99042838
1.182250 0.99044965
1.183500 0.99046029
1.186250 0.99047092
1.187500 0.99048156
1.187750 0.99049219
1.188500 0.99051346
1.188750 0.99052410
1.189750 0.99055600
1.190000 0.99056664
1.190500 0.99060918
1.191000 0.99061982
1.191250 0.99064109
1.191500 0.99065172
1.192500 0.99066236
1.193750 0.99067299
1.194000 0.99068363
1.194500 0.99070490
1.195500 0.99071553
1.196250 0.99072617
1.197250 0.99074744
1.198250 0.99076871
1.198500 0.99077934
1.200000 0.99080061
1.201250 0.99081125
1.201750 0.99082188
1.202250 0.99083252
1.202500 0.99084315
1.202750 0.99085379
1.203500 0.99086442
1.204500 0.99087506
1.204750 0.99088569
1.206750 0.99089633
1.208750 0.99090696
1.209500 0.99092823
1.209750 0.99093887
1.210250 0.99094950
1.210500 0.99097077
1.211500 0.99098141
1.212250 0.99100268
1.213000 0.99101332
1.213250 0.99102395
1.214000 0.99103459
1.215000 0.99104522
1.215750 0.99105586
1.216250 0.99106649
1.216750 0.99107713
1.218250 0.99108776
1.218500 0.99110903
1.219000 0.99111967
1.219500 0.99113030
1.220000 0.99114094
1.220250 0.99115157
1.221000 0.99117284
1.221250 0.99119411
1.222250 0.99120475
1.222750 0.99121538
1.223500 0.99122602
1.224000 0.99123665
1.224750 0.99125792
1.225750 0.99126856
1.226000 0.99127919
1.226750 0.99128983
1.227000 0.99130046
1.227750 0.99131110
1.228250 0.99132173
1.232500 0.99134300
1.233000 0.99135364
1.233750 0.99136427
1.234000 0.99137491
1.235000 0.99138554
1.235500 0.99139618
1.236250 0.99140681
1.238750 0.99141745
1.240250 0.99142809
1.241000 0.99143872
1.241750 0.99144936
1.242000 0.99145999
1.242250 0.99147063
1.242500 0.99148126
1.243000 0.99149190
1.243750 0.99150253
1.245500 0.99151317
1.246500 0.99152380
1.247500 0.99153444
1.247750 0.99154507
1.249000 0.99155571
1.250000 1.00000000
